1642599249.160361 0.300024 0.300018 0.300006 0.000000 0.000000 0.000000
1642599249.192441 0.300024 0.300018 0.300006 0.000000 0.000000 0.000000
1642599249.223909 0.300024 0.300018 0.300006 0.000000 0.000000 0.000000
1642599249.256981 0.300024 0.300018 0.300006 0.000000 0.000000 0.000000
1642599249.295815 0.300024 0.300018 0.300006 0.000000 0.000000 0.000000
1642599249.333672 0.300024 0.300018 0.300006 3.136000 1.470000 0.392000
1642599249.361454 0.300024 0.300018 0.300006 3.136000 1.470000 0.392000
1642599249.392551 0.300024 0.300018 0.300006 3.136000 1.470000 0.392000
1642599249.425564 0.300024 0.300018 0.300006 3.136000 1.470000 0.392000
1642599249.458234 0.300024 0.300018 0.300006 3.038000 1.470000 0.392000
1642599249.491488 0.300024 0.300018 0.300006 3.038000 1.470000 0.392000
1642599249.523646 0.300024 0.300018 0.300006 3.038000 1.470000 0.392000
1642599249.558274 0.300024 0.300018 0.300006 3.038000 1.470000 0.392000
1642599249.592662 0.300024 0.300018 0.300006 3.136000 1.470000 0.392000
1642599249.625432 0.300024 0.300018 0.300006 3.136000 1.470000 0.392000
1642599249.662245 0.300024 0.300018 0.300006 3.136000 1.470000 0.392000
1642599249.669290 0.300024 0.300018 0.300006 3.136000 1.470000 0.392000
1642599252.977013 0.300024 0.300018 0.300006 0.000000 0.000000 nan
1642599253.013396 0.300024 0.300018 0.300006 0.000000 0.000000 nan
1642599253.042085 0.300024 0.300018 0.300006 0.000000 0.000000 nan
1642599253.077409 0.300024 0.300018 0.300006 0.000000 0.000000 nan
1642599253.108856 0.300024 0.300018 0.300006 0.000000 0.000000 nan
1642599253.142290 0.300024 0.300018 0.300006 0.000000 0.000000 nan
1642599253.177081 0.300024 0.300018 0.300006 0.000000 0.000000 nan
1642599253.208566 0.300024 0.300018 0.300006 0.000000 0.000000 nan
1642599253.243014 0.300024 0.300018 0.300006 0.000000 0.000000 nan
1642599253.275533 0.300024 0.300018 0.300006 0.000000 0.000000 nan
1642599253.309576 0.300024 0.300018 0.300006 3.038000 1.372000 0.392000
1642599253.343558 0.300024 0.300018 0.300006 3.038000 1.372000 0.392000
1642599253.374600 0.300024 0.300018 0.300006 3.038000 1.372000 0.392000
1642599253.408648 0.300024 0.300018 0.300006 3.038000 1.372000 0.392000
1642599253.442343 0.300024 0.300018 0.300006 3.038000 1.372000 0.392000
1642599253.474762 0.300024 0.300018 0.300006 3.038000 1.372000 0.392000
1642599253.509064 0.300024 0.300018 0.300006 3.038000 1.372000 0.392000
1642599253.541879 0.300048 0.299994 0.300006 3.038000 1.372000 0.392000
1642599253.575359 0.300048 0.299994 0.300006 3.038000 1.372000 0.392000
1642599253.608659 0.300048 0.299994 0.300006 3.038000 1.372000 0.392000
1642599253.642000 0.300048 0.299994 0.300006 3.038000 1.372000 0.392000
1642599253.674875 0.300048 0.299994 0.300006 3.038000 1.372000 0.392000
1642599253.709211 0.300048 0.299971 0.300006 3.038000 1.372000 0.392000
1642599253.741631 0.300048 0.299971 0.300006 3.038000 1.372000 0.392000
1642599253.776228 0.300071 0.299971 0.300030 3.038000 1.372000 0.392000
1642599253.807767 0.300071 0.299947 0.300030 3.038000 1.372000 0.392000
1642599253.842122 0.300071 0.299947 0.300030 3.038000 1.372000 0.392000
1642599253.874767 0.300071 0.299947 0.300030 3.038000 1.372000 0.392000
1642599253.911211 0.300071 0.299923 0.300030 3.038000 1.372000 0.392000
1642599253.945809 0.300095 0.299923 0.300030 3.038000 1.372000 0.392000
1642599253.976534 0.300095 0.299923 0.300030 3.038000 1.372000 0.392000
1642599254.011091 0.300095 0.299900 0.300030 3.038000 1.372000 0.392000
1642599254.041949 0.300119 0.299900 0.300053 3.038000 1.372000 0.392000
1642599254.075444 0.300119 0.299900 0.300053 3.038000 1.372000 0.392000
1642599254.109738 0.300119 0.299876 0.300053 3.038000 1.372000 0.392000
1642599254.141394 0.300142 0.299876 0.300053 3.038000 1.372000 0.392000
1642599254.174752 0.300142 0.299853 0.300053 3.038000 1.372000 0.392000
1642599254.210164 0.300142 0.299829 0.300053 3.038000 1.372000 0.392000
1642599254.243424 0.300166 0.299829 0.300077 3.038000 1.372000 0.392000
1642599254.275810 0.300166 0.299805 0.300077 3.038000 1.372000 0.392000
1642599254.308339 0.300189 0.299782 0.300077 3.038000 1.274000 0.392000
1642599254.345190 0.300189 0.299782 0.300077 3.038000 1.274000 0.392000
1642599254.378611 0.300213 0.299758 0.300077 3.038000 1.274000 0.392000
1642599254.411708 0.300213 0.299734 0.300101 3.038000 1.274000 0.392000
1642599254.445384 0.300237 0.299711 0.300101 3.038000 1.274000 0.392000
1642599254.476740 0.300260 0.299687 0.300101 3.038000 1.274000 0.392000
1642599254.509292 0.300260 0.299663 0.300101 3.038000 1.274000 0.392000
1642599254.541601 0.300284 0.299640 0.300124 3.038000 1.274000 0.392000
1642599254.575120 0.300308 0.299616 0.300124 3.038000 1.274000 0.392000
1642599254.610307 0.300308 0.299592 0.300124 3.038000 1.274000 0.392000
1642599254.642744 0.300331 0.299569 0.300148 3.038000 1.274000 0.392000
1642599254.675440 0.300355 0.299545 0.300148 3.038000 1.274000 0.392000
1642599254.709016 0.300379 0.299522 0.300148 3.038000 1.274000 0.392000
1642599254.743203 0.300379 0.299498 0.300171 3.038000 1.274000 0.392000
1642599254.774868 0.300402 0.299474 0.300171 3.038000 1.274000 0.392000
1642599254.811433 0.300426 0.299427 0.300171 3.038000 1.274000 0.392000
1642599254.848469 0.300450 0.299403 0.300195 3.038000 1.274000 0.392000
1642599254.876122 0.300473 0.299380 0.300195 3.038000 1.274000 0.392000
1642599254.908355 0.300497 0.299332 0.300219 3.038000 1.274000 0.392000
1642599254.944478 0.300520 0.299309 0.300219 3.038000 1.176000 0.392000
1642599254.975128 0.300544 0.299261 0.300219 3.038000 1.176000 0.392000
1642599255.008554 0.300568 0.299238 0.300242 3.038000 1.176000 0.392000
1642599255.042080 0.300615 0.299191 0.300242 3.038000 1.176000 0.392000
1642599255.075663 0.300639 0.299167 0.300266 3.038000 1.176000 0.392000
1642599255.108865 0.300662 0.299120 0.300266 3.038000 1.176000 0.392000
1642599255.141331 0.300686 0.299072 0.300290 3.038000 1.176000 0.392000
1642599255.175112 0.300710 0.299049 0.300290 3.038000 1.176000 0.392000
1642599255.208628 0.300733 0.299001 0.300313 3.038000 1.176000 0.392000
1642599255.246487 0.300781 0.298954 0.300313 3.038000 1.176000 0.392000
1642599255.278384 0.300804 0.298907 0.300337 3.038000 1.176000 0.392000
1642599255.312054 0.300828 0.298860 0.300337 3.038000 1.176000 0.392000
1642599255.347607 0.300875 0.298812 0.300361 3.038000 1.176000 0.392000
1642599255.373960 0.300899 0.298765 0.300384 3.038000 1.176000 0.392000
1642599255.409297 0.300946 0.298718 0.300384 3.038000 1.176000 0.392000
1642599255.443186 0.300970 0.298670 0.300408 3.038000 1.078000 0.392000
1642599255.476061 0.300993 0.298623 0.300408 3.038000 1.078000 0.392000
1642599255.509526 0.301041 0.298576 0.300432 3.038000 1.078000 0.392000
1642599255.542758 0.301064 0.298505 0.300455 3.038000 1.078000 0.392000
1642599255.575487 0.301111 0.298458 0.300455 3.038000 1.078000 0.392000
1642599255.607783 0.301159 0.298410 0.300479 3.038000 1.078000 0.392000
1642599255.642138 0.301182 0.298340 0.300502 3.038000 1.078000 0.392000
1642599255.675587 0.301230 0.298292 0.300502 3.038000 1.078000 0.392000
1642599255.709129 0.301277 0.298245 0.300526 3.038000 1.078000 0.392000
1642599255.741445 0.301301 0.298174 0.300550 3.038000 1.078000 0.392000
1642599255.778977 0.301348 0.298127 0.300573 3.038000 1.078000 0.392000
1642599255.809731 0.301395 0.298056 0.300573 3.038000 1.078000 0.392000
1642599255.850030 0.301442 0.297985 0.300597 3.038000 0.980000 0.392000
1642599255.875658 0.301490 0.297938 0.300621 3.038000 0.980000 0.392000
1642599255.908025 0.301537 0.297867 0.300644 3.038000 0.980000 0.392000
1642599255.941464 0.301584 0.297796 0.300644 3.038000 0.980000 0.392000
1642599255.974654 0.301632 0.297725 0.300668 3.038000 0.882000 0.392000
1642599256.007425 0.301679 0.297678 0.300692 3.038000 0.882000 0.392000
1642599256.043898 0.301726 0.297607 0.300715 3.038000 0.882000 0.392000
1642599256.076405 0.301773 0.297536 0.300739 3.038000 0.882000 0.392000
1642599256.109247 0.301821 0.297465 0.300763 3.038000 0.882000 0.392000
1642599256.142229 0.301868 0.297394 0.300786 3.038000 0.882000 0.392000
1642599256.175656 0.301915 0.297323 0.300810 3.038000 0.882000 0.392000
1642599256.209509 0.301963 0.297252 0.300810 3.038000 0.784000 0.392000
1642599256.241931 0.302010 0.297157 0.300833 3.038000 0.784000 0.392000
1642599256.277683 0.302081 0.297087 0.300857 3.038000 0.784000 0.392000
1642599256.314036 0.302128 0.296992 0.300904 3.038000 0.784000 0.392000
1642599256.347797 0.302199 0.296921 0.300928 3.038000 0.784000 0.392000
1642599256.377101 0.302223 0.296850 0.300928 3.038000 0.784000 0.392000
1642599256.409381 0.302294 0.296779 0.300952 3.038000 0.784000 0.392000
1642599256.442122 0.302341 0.296708 0.300975 3.038000 0.784000 0.392000
1642599256.475636 0.302388 0.296637 0.300999 3.038000 0.686000 0.392000
1642599256.508187 0.302459 0.296543 0.301023 3.038000 0.686000 0.392000
1642599256.541583 0.302506 0.296472 0.301046 3.038000 0.686000 0.392000
1642599256.575860 0.302577 0.296377 0.301093 3.038000 0.686000 0.392000
1642599256.610647 0.302624 0.296306 0.301117 3.038000 0.588000 0.392000
1642599256.642116 0.302695 0.296212 0.301141 3.038000 0.588000 0.392000
1642599256.675418 0.302743 0.296117 0.301164 3.038000 0.588000 0.392000
1642599256.708806 0.302814 0.296046 0.301188 3.038000 0.588000 0.392000
1642599256.742899 0.302861 0.295952 0.301212 2.940000 0.490000 0.392000
1642599256.778822 0.302932 0.295857 0.301235 2.940000 0.490000 0.392000
1642599256.811763 0.303003 0.295763 0.301259 2.940000 0.490000 0.392000
1642599256.844234 0.303050 0.295692 0.301283 2.940000 0.490000 0.392000
1642599256.877539 0.303121 0.295597 0.301306 2.940000 0.490000 0.392000
1642599256.907990 0.303168 0.295503 0.301330 2.940000 0.490000 0.392000
1642599256.941570 0.303239 0.295432 0.301354 2.940000 0.490000 0.392000
1642599256.976350 0.303310 0.295337 0.301377 3.038000 0.392000 0.392000
1642599257.009657 0.303381 0.295243 0.301424 3.038000 0.392000 0.392000
1642599257.042216 0.303428 0.295148 0.301448 3.038000 0.392000 0.392000
1642599257.074826 0.303499 0.295053 0.301472 3.038000 0.392000 0.392000
1642599257.108430 0.303570 0.294959 0.301495 2.940000 0.294000 0.392000
1642599257.141590 0.303641 0.294864 0.301519 2.940000 0.294000 0.392000
1642599257.175367 0.303688 0.294770 0.301543 2.940000 0.294000 0.392000
1642599257.212934 0.303759 0.294675 0.301590 2.940000 0.294000 0.392000
1642599257.248912 0.303830 0.294557 0.301614 3.038000 0.294000 0.392000
1642599257.278820 0.303901 0.294462 0.301637 3.038000 0.294000 0.392000
1642599257.309761 0.303972 0.294368 0.301661 3.038000 0.294000 0.392000
1642599257.343452 0.304043 0.294273 0.301708 2.940000 0.196000 0.392000
1642599257.376621 0.304114 0.294179 0.301732 2.940000 0.196000 0.392000
1642599257.408763 0.304185 0.294084 0.301755 2.940000 0.196000 0.392000
1642599257.442472 0.304256 0.293990 0.301779 2.940000 0.196000 0.392000
1642599257.475230 0.304303 0.293895 0.301803 2.940000 0.098000 0.392000
1642599257.508964 0.304374 0.293801 0.301850 2.940000 0.098000 0.392000
1642599257.542893 0.304445 0.293682 0.301874 2.940000 0.098000 0.392000
1642599257.575660 0.304516 0.293588 0.301897 2.940000 0.098000 0.392000
1642599257.610569 0.304587 0.293493 0.301921 2.940000 0.098000 0.392000
1642599257.641269 0.304658 0.293399 0.301945 2.940000 0.098000 0.392000
1642599257.678992 0.304728 0.293304 0.301992 2.940000 0.098000 0.392000
1642599257.712376 0.304799 0.293186 0.302015 2.940000 0.098000 0.392000
1642599257.750581 0.304894 0.293068 0.302063 2.940000 0.000000 0.392000
1642599257.776115 0.304941 0.292997 0.302086 2.940000 0.000000 0.392000
1642599257.808381 0.305012 0.292902 0.302110 2.940000 0.000000 0.392000
1642599257.843066 0.305083 0.292808 0.302134 2.940000 0.000000 0.392000
1642599257.875589 0.305154 0.292689 0.302157 2.940000 0.000000 0.392000
1642599257.908319 0.305225 0.292595 0.302181 2.940000 0.000000 0.392000
1642599257.941455 0.305296 0.292500 0.302228 2.940000 0.000000 0.392000
1642599257.977306 0.305367 0.292382 0.302252 2.842000 0.000000 0.392000
1642599258.009958 0.305438 0.292288 0.302276 2.842000 0.000000 0.392000
1642599258.041891 0.305509 0.292193 0.302323 2.842000 0.000000 0.392000
1642599258.076269 0.305580 0.292098 0.302346 2.842000 0.000000 0.392000
1642599258.108626 0.305650 0.291980 0.302370 2.842000 -0.098000 0.392000
1642599258.141997 0.305721 0.291886 0.302394 2.842000 -0.098000 0.392000
1642599258.179799 0.305792 0.291791 0.302441 2.842000 -0.098000 0.392000
1642599258.213495 0.305863 0.291673 0.302465 2.842000 -0.098000 0.392000
1642599258.248666 0.305934 0.291578 0.302488 2.842000 -0.098000 0.392000
1642599258.276433 0.306005 0.291484 0.302512 2.842000 -0.098000 0.392000
1642599258.310488 0.306076 0.291389 0.302559 2.842000 -0.098000 0.392000
1642599258.343020 0.306147 0.291295 0.302583 2.842000 -0.098000 0.392000
1642599258.375983 0.306194 0.291200 0.302606 2.842000 -0.196000 0.392000
1642599258.409112 0.306265 0.291105 0.302630 2.842000 -0.196000 0.392000
1642599258.442603 0.306336 0.290987 0.302654 2.842000 -0.196000 0.392000
1642599258.475019 0.306407 0.290893 0.302701 2.842000 -0.196000 0.392000
1642599258.510501 0.306478 0.290798 0.302725 2.842000 -0.196000 0.392000
1642599258.542695 0.306549 0.290704 0.302748 2.842000 -0.196000 0.392000
1642599258.575168 0.306620 0.290609 0.302772 2.842000 -0.196000 0.392000
1642599258.608443 0.306691 0.290514 0.302819 2.842000 -0.196000 0.392000
1642599258.648423 0.306738 0.290420 0.302843 2.842000 -0.294000 0.490000
1642599258.681062 0.306833 0.290302 0.302867 2.842000 -0.294000 0.490000
1642599258.711526 0.306880 0.290207 0.302890 2.842000 -0.294000 0.490000
1642599258.742195 0.306951 0.290136 0.302914 2.842000 -0.392000 0.490000
1642599258.778166 0.307022 0.290042 0.302937 2.842000 -0.392000 0.490000
1642599258.808809 0.307093 0.289947 0.302985 2.842000 -0.392000 0.490000
1642599258.842142 0.307140 0.289853 0.303008 2.842000 -0.392000 0.490000
1642599258.875565 0.307211 0.289758 0.303032 2.842000 -0.392000 0.490000
1642599258.911757 0.307282 0.289663 0.303056 2.842000 -0.392000 0.490000
1642599258.942622 0.307353 0.289569 0.303079 2.842000 -0.392000 0.490000
1642599258.975207 0.307400 0.289474 0.303103 2.842000 -0.392000 0.490000
1642599259.008618 0.307471 0.289380 0.303127 2.842000 -0.392000 0.490000
1642599259.042211 0.307518 0.289309 0.303174 2.842000 -0.392000 0.490000
1642599259.074589 0.307589 0.289214 0.303197 2.842000 -0.392000 0.490000
1642599259.109229 0.307660 0.289120 0.303221 2.842000 -0.392000 0.490000
1642599259.151009 0.307707 0.289049 0.303245 2.842000 -0.588000 0.490000
1642599259.180324 0.307778 0.288954 0.303268 2.842000 -0.588000 0.490000
1642599259.211181 0.307825 0.288860 0.303292 2.842000 -0.588000 0.490000
1642599259.247056 0.307896 0.288765 0.303316 2.842000 -0.588000 0.490000
1642599259.280322 0.307967 0.288694 0.303339 2.842000 -0.588000 0.490000
1642599259.309627 0.308015 0.288623 0.303363 2.842000 -0.588000 0.490000
1642599259.342067 0.308085 0.288529 0.303387 2.842000 -0.588000 0.490000
1642599259.376862 0.308133 0.288458 0.303410 2.842000 -0.588000 0.490000
1642599259.409324 0.308180 0.288363 0.303434 2.744000 -0.686000 0.490000
1642599259.441814 0.308251 0.288292 0.303458 2.744000 -0.686000 0.490000
1642599259.479248 0.308298 0.288198 0.303481 2.744000 -0.686000 0.490000
1642599259.509753 0.308346 0.288127 0.303505 2.744000 -0.686000 0.490000
1642599259.547837 0.308416 0.288056 0.303528 2.744000 -0.686000 0.490000
1642599259.576604 0.308464 0.287985 0.303552 2.744000 -0.686000 0.490000
1642599259.612510 0.308511 0.287914 0.303576 2.744000 -0.686000 0.490000
1642599259.647176 0.308582 0.287819 0.303599 2.744000 -0.784000 0.490000
1642599259.678762 0.308629 0.287748 0.303623 2.744000 -0.784000 0.490000
1642599259.710126 0.308676 0.287678 0.303647 2.744000 -0.784000 0.490000
1642599259.743361 0.308724 0.287607 0.303647 2.744000 -0.784000 0.490000
1642599259.775991 0.308771 0.287536 0.303670 2.744000 -0.882000 0.490000
1642599259.809176 0.308818 0.287465 0.303694 2.744000 -0.882000 0.490000
1642599259.843001 0.308866 0.287394 0.303718 2.744000 -0.882000 0.490000
1642599259.875272 0.308913 0.287323 0.303741 2.744000 -0.882000 0.490000
1642599259.909942 0.308960 0.287276 0.303765 2.744000 -0.980000 0.490000
1642599259.942424 0.309007 0.287205 0.303789 2.744000 -0.980000 0.490000
1642599259.975846 0.309055 0.287134 0.303789 2.744000 -0.980000 0.490000
1642599260.010329 0.309102 0.287063 0.303812 2.744000 -0.980000 0.490000
1642599260.042979 0.309149 0.287016 0.303836 2.744000 -0.980000 0.490000
1642599260.075516 0.309173 0.286945 0.303859 2.744000 -0.980000 0.490000
1642599260.111404 0.309220 0.286874 0.303883 2.744000 -0.980000 0.490000
1642599260.145235 0.309267 0.286827 0.303883 2.744000 -1.078000 0.490000
1642599260.181461 0.309315 0.286756 0.303907 2.744000 -1.078000 0.490000
1642599260.208803 0.309338 0.286708 0.303930 2.744000 -1.078000 0.490000
1642599260.252635 0.309386 0.286637 0.303954 2.744000 -1.078000 0.490000
1642599260.274737 0.309433 0.286590 0.303954 2.744000 -1.078000 0.490000
1642599260.308293 0.309457 0.286543 0.303978 2.744000 -1.078000 0.490000
1642599260.344740 0.309504 0.286496 0.303978 2.744000 -1.078000 0.490000
1642599260.374993 0.309551 0.286425 0.304001 2.744000 -1.078000 0.490000
1642599260.408341 0.309575 0.286377 0.304025 2.744000 -1.176000 0.490000
1642599260.441312 0.309622 0.286330 0.304025 2.744000 -1.176000 0.490000
1642599260.474308 0.309646 0.286283 0.304049 2.744000 -1.176000 0.490000
1642599260.508634 0.309693 0.286235 0.304072 2.744000 -1.176000 0.490000
1642599260.542197 0.309717 0.286188 0.304072 2.744000 -1.176000 0.490000
1642599260.579330 0.309740 0.286141 0.304096 2.744000 -1.176000 0.490000
1642599260.613864 0.309788 0.286094 0.304119 2.744000 -1.176000 0.490000
1642599260.644556 0.309811 0.286046 0.304119 2.744000 -1.176000 0.490000
1642599260.680877 0.309859 0.285999 0.304143 2.744000 -1.176000 0.490000
1642599260.711779 0.309882 0.285975 0.304143 2.744000 -1.176000 0.490000
1642599260.742281 0.309906 0.285928 0.304167 2.744000 -1.176000 0.490000
1642599260.774897 0.309929 0.285881 0.304167 2.744000 -1.176000 0.490000
1642599260.809423 0.309953 0.285857 0.304190 2.744000 -1.274000 0.490000
1642599260.843722 0.309977 0.285810 0.304190 2.744000 -1.274000 0.490000
1642599260.875357 0.310000 0.285763 0.304214 2.744000 -1.274000 0.490000
1642599260.911023 0.310024 0.285739 0.304214 2.646000 -1.274000 0.490000
1642599260.942372 0.310048 0.285692 0.304214 2.646000 -1.274000 0.490000
1642599260.975678 0.310071 0.285668 0.304238 2.646000 -1.274000 0.490000
1642599261.009036 0.310095 0.285644 0.304238 2.646000 -1.274000 0.490000
1642599261.041602 0.310119 0.285597 0.304261 2.646000 -1.274000 0.490000
1642599261.079350 0.310142 0.285574 0.304261 2.646000 -1.274000 0.490000
1642599261.112085 0.310166 0.285550 0.304261 2.646000 -1.274000 0.490000
1642599261.145900 0.310189 0.285503 0.304285 2.646000 -1.274000 0.490000
1642599261.180367 0.310213 0.285479 0.304285 2.646000 -1.372000 0.490000
1642599261.210862 0.310237 0.285455 0.304309 2.646000 -1.372000 0.490000
1642599261.241374 0.310237 0.285432 0.304309 2.646000 -1.372000 0.490000
1642599261.275822 0.310260 0.285408 0.304309 2.646000 -1.372000 0.490000
1642599261.308437 0.310284 0.285384 0.304309 2.646000 -1.372000 0.490000
1642599261.341002 0.310284 0.285361 0.304332 2.646000 -1.372000 0.490000
1642599261.374514 0.310308 0.285337 0.304332 2.646000 -1.372000 0.490000
1642599261.408813 0.310331 0.285314 0.304332 2.744000 -1.372000 0.490000
1642599261.442111 0.310331 0.285314 0.304356 2.744000 -1.372000 0.490000
1642599261.475477 0.310355 0.285290 0.304356 2.744000 -1.372000 0.490000
1642599261.508962 0.310379 0.285266 0.304356 2.744000 -1.372000 0.490000
1642599261.548195 0.310379 0.285243 0.304356 2.646000 -1.470000 0.490000
1642599261.576672 0.310402 0.285219 0.304356 2.646000 -1.470000 0.490000
1642599261.612289 0.310402 0.285195 0.304380 2.646000 -1.470000 0.490000
1642599261.642711 0.310426 0.285195 0.304380 2.646000 -1.470000 0.490000
1642599261.676188 0.310426 0.285172 0.304380 2.744000 -1.470000 0.588000
1642599261.709453 0.310426 0.285172 0.304380 2.744000 -1.470000 0.588000
1642599261.742068 0.310450 0.285148 0.304380 2.744000 -1.470000 0.588000
1642599261.775509 0.310450 0.285148 0.304403 2.744000 -1.470000 0.588000
1642599261.810151 0.310473 0.285124 0.304403 2.646000 -1.470000 0.588000
1642599261.841566 0.310473 0.285101 0.304403 2.646000 -1.470000 0.588000
1642599261.874975 0.310473 0.285101 0.304403 2.646000 -1.470000 0.588000
1642599261.909642 0.310473 0.285077 0.304403 2.646000 -1.470000 0.588000
1642599261.942209 0.310497 0.285077 0.304403 2.744000 -1.470000 0.588000
1642599261.980216 0.310497 0.285077 0.304403 2.744000 -1.470000 0.588000
1642599262.013798 0.310497 0.285053 0.304403 2.744000 -1.470000 0.588000
1642599262.043699 0.310520 0.285053 0.304427 2.646000 -1.470000 0.588000
1642599262.082448 0.310520 0.285053 0.304427 2.646000 -1.470000 0.588000
1642599262.109793 0.310520 0.285053 0.304427 2.646000 -1.470000 0.588000
1642599262.142744 0.310520 0.285030 0.304427 2.646000 -1.470000 0.588000
1642599262.175210 0.310520 0.285030 0.304427 2.744000 -1.470000 0.588000
1642599262.208520 0.310520 0.285030 0.304427 2.744000 -1.470000 0.588000
1642599262.243954 0.310544 0.285030 0.304427 2.744000 -1.470000 0.588000
1642599262.275652 0.310544 0.285006 0.304427 2.744000 -1.470000 0.588000
1642599262.308095 0.310544 0.285006 0.304427 2.646000 -1.470000 0.588000
1642599262.342669 0.310544 0.285006 0.304427 2.646000 -1.470000 0.588000
1642599262.376285 0.310544 0.285006 0.304427 2.646000 -1.470000 0.588000
1642599262.408844 0.310544 0.285006 0.304427 2.646000 -1.470000 0.588000
1642599262.442408 0.310544 0.285006 0.304427 2.744000 -1.470000 0.588000
1642599262.478607 0.310544 0.285006 0.304427 2.744000 -1.470000 0.588000
1642599262.510897 0.310544 0.285006 0.304427 2.744000 -1.470000 0.588000
1642599262.547639 0.310544 0.285006 0.304427 2.744000 -1.470000 0.588000
1642599262.583708 0.310544 0.285006 0.304427 2.744000 -1.470000 0.490000
1642599262.611104 0.310544 0.285006 0.304427 2.744000 -1.470000 0.490000
1642599262.641588 0.310544 0.284983 0.304427 2.744000 -1.470000 0.490000
1642599262.676167 0.310544 0.284983 0.304427 2.744000 -1.470000 0.588000
1642599262.709413 0.310544 0.284983 0.304427 2.744000 -1.470000 0.588000
1642599262.742840 0.310544 0.284983 0.304427 2.744000 -1.470000 0.588000
1642599262.775149 0.310568 0.285006 0.304427 2.744000 -1.470000 0.588000
1642599262.808861 0.310568 0.285006 0.304427 2.744000 -1.470000 0.490000
1642599262.842387 0.310568 0.285006 0.304427 2.744000 -1.470000 0.490000
1642599262.877693 0.310544 0.285006 0.304427 2.744000 -1.470000 0.490000
1642599262.908251 0.310544 0.284983 0.304427 2.744000 -1.470000 0.490000
1642599262.950403 0.310544 0.284983 0.304427 2.744000 -1.470000 0.588000
1642599262.978271 0.310544 0.284983 0.304450 2.744000 -1.470000 0.588000
1642599263.011717 0.310544 0.284983 0.304450 2.744000 -1.470000 0.588000
1642599263.043358 0.310544 0.284983 0.304450 2.744000 -1.470000 0.588000
1642599263.079774 0.310544 0.284983 0.304450 2.646000 -1.470000 0.588000
1642599263.111230 0.310544 0.284983 0.304450 2.646000 -1.470000 0.588000
1642599263.141802 0.310544 0.284983 0.304450 2.646000 -1.470000 0.588000
1642599263.177312 0.310544 0.284983 0.304450 2.646000 -1.470000 0.588000
1642599263.209770 0.310544 0.284983 0.304450 2.646000 -1.470000 0.588000
1642599263.242346 0.310544 0.285006 0.304450 2.646000 -1.470000 0.588000
1642599263.275758 0.310544 0.285006 0.304450 2.646000 -1.470000 0.588000
1642599263.309332 0.310544 0.284983 0.304450 2.646000 -1.470000 0.588000
1642599263.341942 0.310544 0.284983 0.304450 2.744000 -1.470000 0.588000
1642599263.375168 0.310544 0.284983 0.304427 2.744000 -1.470000 0.588000
1642599263.412257 0.310544 0.284983 0.304427 2.744000 -1.470000 0.588000
1642599263.447154 0.310544 0.285006 0.304450 2.744000 -1.470000 0.588000
1642599263.479294 0.310544 0.285006 0.304450 2.744000 -1.470000 0.588000
1642599263.509668 0.310544 0.285006 0.304450 2.744000 -1.470000 0.588000
1642599263.542070 0.310544 0.285006 0.304450 2.744000 -1.470000 0.588000
1642599263.576858 0.310520 0.285006 0.304450 2.744000 -1.470000 0.588000
1642599263.609128 0.310520 0.285006 0.304427 2.744000 -1.470000 0.588000
1642599263.642487 0.310520 0.285006 0.304427 2.744000 -1.470000 0.588000
1642599263.675923 0.310520 0.285006 0.304427 2.744000 -1.470000 0.588000
1642599263.709439 0.310520 0.285030 0.304427 2.744000 -1.470000 0.588000
1642599263.742880 0.310520 0.285030 0.304427 2.744000 -1.470000 0.588000
1642599263.775288 0.310497 0.285030 0.304427 2.744000 -1.470000 0.588000
1642599263.809878 0.310497 0.285030 0.304427 2.744000 -1.470000 0.588000
1642599263.849717 0.310497 0.285053 0.304427 2.744000 -1.470000 0.490000
1642599263.878802 0.310497 0.285053 0.304427 2.744000 -1.470000 0.490000
1642599263.912246 0.310497 0.285077 0.304427 2.744000 -1.470000 0.490000
1642599263.943829 0.310473 0.285077 0.304427 2.744000 -1.470000 0.490000
1642599263.979252 0.310473 0.285077 0.304427 2.744000 -1.470000 0.490000
1642599264.010617 0.310473 0.285101 0.304427 2.744000 -1.470000 0.490000
1642599264.042906 0.310450 0.285101 0.304427 2.744000 -1.470000 0.490000
1642599264.076447 0.310450 0.285101 0.304427 2.744000 -1.372000 0.490000
1642599264.108932 0.310450 0.285124 0.304403 2.744000 -1.372000 0.490000
1642599264.146988 0.310426 0.285124 0.304403 2.744000 -1.372000 0.490000
1642599264.178558 0.310426 0.285148 0.304403 2.744000 -1.372000 0.490000
1642599264.210366 0.310402 0.285172 0.304403 2.744000 -1.372000 0.490000
1642599264.246240 0.310402 0.285172 0.304380 2.744000 -1.372000 0.490000
1642599264.277117 0.310402 0.285195 0.304380 2.744000 -1.372000 0.490000
1642599264.314591 0.310379 0.285219 0.304380 2.744000 -1.372000 0.490000
1642599264.350179 0.310379 0.285219 0.304380 2.744000 -1.372000 0.490000
1642599264.381002 0.310355 0.285243 0.304380 2.744000 -1.372000 0.490000
1642599264.412088 0.310355 0.285266 0.304356 2.744000 -1.372000 0.490000
1642599264.443542 0.310331 0.285290 0.304356 2.744000 -1.372000 0.490000
1642599264.476951 0.310308 0.285314 0.304356 2.842000 -1.372000 0.490000
1642599264.511789 0.310308 0.285337 0.304356 2.842000 -1.372000 0.490000
1642599264.544242 0.310284 0.285337 0.304332 2.842000 -1.372000 0.490000
1642599264.576611 0.310260 0.285361 0.304332 2.842000 -1.372000 0.490000
1642599264.610248 0.310260 0.285384 0.304332 2.842000 -1.274000 0.490000
1642599264.647030 0.310237 0.285432 0.304332 2.842000 -1.274000 0.490000
1642599264.680291 0.310213 0.285455 0.304309 2.842000 -1.274000 0.490000
1642599264.709790 0.310213 0.285479 0.304309 2.842000 -1.274000 0.490000
1642599264.744135 0.310189 0.285503 0.304285 2.842000 -1.274000 0.490000
1642599264.776662 0.310166 0.285526 0.304285 2.842000 -1.274000 0.490000
1642599264.811748 0.310142 0.285550 0.304285 2.842000 -1.274000 0.490000
1642599264.851101 0.310119 0.285597 0.304261 2.842000 -1.274000 0.490000
1642599264.882070 0.310095 0.285621 0.304261 2.842000 -1.274000 0.490000
1642599264.914906 0.310071 0.285668 0.304238 2.842000 -1.274000 0.490000
1642599264.947352 0.310048 0.285692 0.304238 2.842000 -1.274000 0.490000
1642599264.981090 0.310024 0.285739 0.304238 2.842000 -1.274000 0.490000
1642599265.010643 0.310000 0.285763 0.304214 2.842000 -1.274000 0.490000
1642599265.043092 0.309953 0.285786 0.304214 2.842000 -1.274000 0.490000
1642599265.077304 0.309929 0.285834 0.304190 2.842000 -1.274000 0.490000
1642599265.109885 0.309906 0.285881 0.304190 2.842000 -1.176000 0.392000
1642599265.142848 0.309882 0.285905 0.304190 2.842000 -1.176000 0.392000
1642599265.180706 0.309859 0.285952 0.304167 2.842000 -1.176000 0.392000
1642599265.211605 0.309835 0.285999 0.304143 2.842000 -1.176000 0.490000
1642599265.244669 0.309788 0.286046 0.304143 2.842000 -1.176000 0.490000
1642599265.279014 0.309764 0.286094 0.304119 2.842000 -1.176000 0.490000
1642599265.310568 0.309740 0.286141 0.304119 2.842000 -1.176000 0.490000
1642599265.351787 0.309693 0.286188 0.304096 2.842000 -1.176000 0.490000
1642599265.381034 0.309669 0.286212 0.304096 2.842000 -1.176000 0.490000
1642599265.413009 0.309646 0.286259 0.304072 2.842000 -1.176000 0.490000
1642599265.446649 0.309598 0.286330 0.304049 2.842000 -1.176000 0.490000
1642599265.479202 0.309575 0.286377 0.304049 2.842000 -1.078000 0.490000
1642599265.510409 0.309528 0.286425 0.304025 2.842000 -1.078000 0.490000
1642599265.542717 0.309504 0.286472 0.304025 2.842000 -1.078000 0.490000
1642599265.576057 0.309457 0.286519 0.304001 2.842000 -1.078000 0.490000
1642599265.610369 0.309433 0.286590 0.303978 2.842000 -1.078000 0.392000
1642599265.646210 0.309386 0.286637 0.303954 2.842000 -1.078000 0.392000
1642599265.679281 0.309338 0.286708 0.303954 2.842000 -1.078000 0.392000
1642599265.712086 0.309291 0.286756 0.303930 2.842000 -1.078000 0.392000
1642599265.747361 0.309267 0.286803 0.303907 2.842000 -0.980000 0.490000
1642599265.777225 0.309220 0.286874 0.303907 2.842000 -0.980000 0.490000
1642599265.810267 0.309173 0.286945 0.303883 2.842000 -0.980000 0.490000
1642599265.849406 0.309126 0.286992 0.303859 2.842000 -0.980000 0.490000
1642599265.882159 0.309078 0.287063 0.303836 2.842000 -0.980000 0.490000
1642599265.913637 0.309031 0.287134 0.303812 2.842000 -0.980000 0.490000
1642599265.946939 0.308984 0.287181 0.303812 2.842000 -0.980000 0.490000
1642599265.978537 0.308960 0.287252 0.303789 2.940000 -0.882000 0.490000
1642599266.011759 0.308913 0.287323 0.303765 2.940000 -0.882000 0.490000
1642599266.042546 0.308866 0.287394 0.303741 2.940000 -0.882000 0.490000
1642599266.077657 0.308818 0.287465 0.303718 2.940000 -0.882000 0.490000
1642599266.111012 0.308747 0.287536 0.303694 2.940000 -0.882000 0.490000
1642599266.143800 0.308700 0.287583 0.303694 2.940000 -0.882000 0.490000
1642599266.178539 0.308653 0.287678 0.303670 2.940000 -0.882000 0.490000
1642599266.210903 0.308606 0.287748 0.303647 2.940000 -0.882000 0.490000
1642599266.243536 0.308558 0.287819 0.303623 2.940000 -0.784000 0.490000
1642599266.276672 0.308511 0.287890 0.303599 2.940000 -0.784000 0.490000
1642599266.312136 0.308440 0.287961 0.303576 2.940000 -0.784000 0.490000
1642599266.343163 0.308393 0.288032 0.303552 2.940000 -0.784000 0.490000
1642599266.384237 0.308346 0.288127 0.303528 2.842000 -0.686000 0.490000
1642599266.412858 0.308275 0.288198 0.303505 2.842000 -0.686000 0.490000
1642599266.451568 0.308227 0.288292 0.303458 2.842000 -0.686000 0.490000
1642599266.478248 0.308180 0.288363 0.303458 2.940000 -0.686000 0.490000
1642599266.511516 0.308109 0.288458 0.303434 2.940000 -0.686000 0.490000
1642599266.543807 0.308062 0.288529 0.303410 2.940000 -0.686000 0.490000
1642599266.575990 0.307991 0.288600 0.303387 2.940000 -0.686000 0.490000
1642599266.610517 0.307944 0.288694 0.303339 2.940000 -0.588000 0.490000
1642599266.642791 0.307896 0.288765 0.303316 2.940000 -0.588000 0.490000
1642599266.677940 0.307825 0.288860 0.303292 2.940000 -0.588000 0.490000
1642599266.710348 0.307754 0.288954 0.303268 2.940000 -0.588000 0.490000
1642599266.744757 0.307707 0.289025 0.303245 2.842000 -0.588000 0.490000
1642599266.778003 0.307636 0.289120 0.303221 2.842000 -0.588000 0.490000
1642599266.812263 0.307589 0.289214 0.303197 2.842000 -0.588000 0.490000
1642599266.842395 0.307518 0.289285 0.303197 2.842000 -0.588000 0.490000
1642599266.875833 0.307471 0.289380 0.303150 2.940000 -0.490000 0.490000
1642599266.910056 0.307400 0.289474 0.303127 2.940000 -0.490000 0.490000
1642599266.944970 0.307329 0.289569 0.303103 2.940000 -0.490000 0.490000
1642599266.977840 0.307258 0.289663 0.303079 2.940000 -0.490000 0.490000
1642599267.012431 0.307187 0.289758 0.303056 2.940000 -0.392000 0.490000
1642599267.043031 0.307140 0.289829 0.303032 2.940000 -0.392000 0.490000
1642599267.075019 0.307069 0.289923 0.303008 2.940000 -0.392000 0.490000
1642599267.107554 0.307022 0.290018 0.302961 2.940000 -0.294000 0.490000
1642599267.143579 0.306951 0.290113 0.302937 2.940000 -0.294000 0.490000
1642599267.180110 0.306880 0.290207 0.302914 2.940000 -0.294000 0.490000
1642599267.212359 0.306809 0.290302 0.302890 2.940000 -0.294000 0.490000
1642599267.244031 0.306738 0.290396 0.302843 2.940000 -0.294000 0.490000
1642599267.276385 0.306667 0.290491 0.302819 2.940000 -0.294000 0.490000
1642599267.309330 0.306596 0.290585 0.302796 2.940000 -0.294000 0.490000
1642599267.345021 0.306525 0.290704 0.302772 2.940000 -0.294000 0.490000
1642599267.376418 0.306478 0.290798 0.302748 2.940000 -0.196000 0.490000
1642599267.414577 0.306407 0.290893 0.302701 2.940000 -0.196000 0.490000
1642599267.445687 0.306336 0.290987 0.302677 2.940000 -0.196000 0.490000
1642599267.481833 0.306265 0.291082 0.302654 2.940000 -0.196000 0.490000
1642599267.516105 0.306194 0.291200 0.302606 2.940000 -0.196000 0.392000
1642599267.544509 0.306123 0.291271 0.302583 2.940000 -0.196000 0.392000
1642599267.577553 0.306052 0.291366 0.302559 2.940000 -0.196000 0.392000
1642599267.610985 0.305981 0.291484 0.302536 2.940000 -0.196000 0.392000
1642599267.643933 0.305911 0.291578 0.302512 2.940000 -0.098000 0.392000
1642599267.676798 0.305840 0.291673 0.302488 2.940000 -0.098000 0.392000
1642599267.710088 0.305769 0.291767 0.302441 2.940000 -0.098000 0.392000
1642599267.746190 0.305698 0.291886 0.302417 2.940000 -0.098000 0.392000
1642599267.776884 0.305650 0.291980 0.302394 2.940000 -0.098000 0.392000
1642599267.810052 0.305580 0.292075 0.302370 2.940000 -0.098000 0.392000
1642599267.843477 0.305509 0.292169 0.302323 2.940000 -0.098000 0.392000
1642599267.887529 0.305438 0.292288 0.302299 2.940000 0.000000 0.392000
1642599267.914499 0.305343 0.292382 0.302276 2.940000 0.000000 0.392000
1642599267.948506 0.305296 0.292477 0.302228 2.940000 0.000000 0.392000
1642599267.978165 0.305201 0.292571 0.302205 2.940000 0.000000 0.392000
1642599268.015472 0.305130 0.292689 0.302181 2.940000 0.000000 0.392000
1642599268.044631 0.305059 0.292784 0.302157 2.940000 0.000000 0.392000
1642599268.076771 0.304989 0.292879 0.302134 2.940000 0.000000 0.392000
1642599268.109123 0.304941 0.292973 0.302086 2.940000 0.000000 0.392000
1642599268.142561 0.304870 0.293068 0.302063 2.940000 0.000000 0.392000
1642599268.176760 0.304799 0.293186 0.302039 2.940000 0.000000 0.392000
1642599268.210753 0.304728 0.293280 0.302015 2.940000 0.000000 0.392000
1642599268.245274 0.304658 0.293375 0.301968 2.940000 0.000000 0.392000
1642599268.278284 0.304587 0.293470 0.301945 3.038000 0.098000 0.392000
1642599268.310478 0.304516 0.293588 0.301921 3.038000 0.098000 0.392000
1642599268.347518 0.304445 0.293682 0.301874 3.038000 0.098000 0.392000
1642599268.377791 0.304374 0.293777 0.301850 2.940000 0.196000 0.392000
1642599268.411401 0.304303 0.293871 0.301826 2.940000 0.196000 0.392000
1642599268.446488 0.304232 0.293966 0.301803 2.940000 0.196000 0.392000
1642599268.478218 0.304161 0.294061 0.301779 2.940000 0.196000 0.392000
1642599268.515739 0.304090 0.294179 0.301732 3.038000 0.294000 0.392000
1642599268.544487 0.304043 0.294273 0.301708 3.038000 0.294000 0.392000
1642599268.577497 0.303972 0.294368 0.301684 3.038000 0.294000 0.392000
1642599268.609685 0.303901 0.294439 0.301661 3.038000 0.294000 0.392000
1642599268.642292 0.303830 0.294533 0.301637 3.038000 0.392000 0.392000
1642599268.677094 0.303759 0.294652 0.301614 3.038000 0.392000 0.392000
1642599268.711748 0.303688 0.294746 0.301566 3.038000 0.392000 0.392000
1642599268.742805 0.303641 0.294817 0.301543 3.038000 0.392000 0.392000
1642599268.777842 0.303570 0.294935 0.301519 3.038000 0.392000 0.392000
1642599268.813092 0.303499 0.295030 0.301495 3.038000 0.392000 0.392000
1642599268.841707 0.303428 0.295101 0.301472 3.038000 0.392000 0.392000
1642599268.876064 0.303381 0.295195 0.301448 3.038000 0.392000 0.392000
1642599268.919382 0.303310 0.295290 0.301401 3.038000 0.588000 0.392000
1642599268.946019 0.303239 0.295384 0.301377 3.038000 0.588000 0.392000
1642599268.978578 0.303168 0.295479 0.301354 3.038000 0.588000 0.392000
1642599269.015513 0.303097 0.295574 0.301330 3.038000 0.588000 0.392000
1642599269.049551 0.303050 0.295668 0.301306 3.038000 0.588000 0.392000
1642599269.076661 0.303003 0.295739 0.301283 3.038000 0.588000 0.392000
1642599269.109808 0.302932 0.295834 0.301259 3.038000 0.588000 0.392000
1642599269.142366 0.302861 0.295905 0.301235 3.038000 0.686000 0.392000
1642599269.177711 0.302814 0.295999 0.301212 3.038000 0.686000 0.392000
1642599269.210849 0.302743 0.296094 0.301164 3.038000 0.686000 0.392000
1642599269.244232 0.302695 0.296165 0.301141 3.038000 0.686000 0.392000
1642599269.277942 0.302624 0.296259 0.301117 3.038000 0.784000 0.392000
1642599269.313813 0.302577 0.296354 0.301093 3.038000 0.784000 0.392000
1642599269.343430 0.302506 0.296425 0.301070 3.038000 0.784000 0.392000
1642599269.377469 0.302459 0.296496 0.301070 3.038000 0.784000 0.392000
1642599269.410703 0.302388 0.296590 0.301046 3.038000 0.882000 0.392000
1642599269.441973 0.302341 0.296661 0.301023 3.038000 0.882000 0.392000
1642599269.479961 0.302294 0.296732 0.300999 3.038000 0.882000 0.392000
1642599269.514641 0.302223 0.296827 0.300952 3.038000 0.882000 0.392000
1642599269.549209 0.302175 0.296921 0.300928 3.038000 0.980000 0.392000
1642599269.576933 0.302128 0.296968 0.300904 3.038000 0.980000 0.392000
1642599269.613415 0.302057 0.297063 0.300881 3.038000 0.980000 0.392000
1642599269.645661 0.302010 0.297134 0.300881 3.038000 0.980000 0.392000
1642599269.677006 0.301963 0.297205 0.300857 3.038000 0.980000 0.392000
1642599269.708490 0.301915 0.297276 0.300833 3.038000 0.980000 0.392000
1642599269.744912 0.301868 0.297347 0.300810 3.038000 0.980000 0.392000
1642599269.777367 0.301821 0.297418 0.300786 3.038000 1.078000 0.392000
1642599269.810311 0.301773 0.297465 0.300763 3.038000 1.078000 0.392000
1642599269.843554 0.301726 0.297536 0.300739 3.038000 1.078000 0.392000
1642599269.877748 0.301679 0.297607 0.300739 3.038000 1.078000 0.392000
1642599269.910126 0.301632 0.297678 0.300715 3.038000 1.176000 0.392000
1642599269.945060 0.301584 0.297748 0.300692 3.038000 1.176000 0.392000
1642599269.976393 0.301537 0.297819 0.300668 3.038000 1.176000 0.392000
1642599270.012962 0.301490 0.297867 0.300644 3.038000 1.176000 0.392000
1642599270.049514 0.301442 0.297961 0.300644 3.038000 1.176000 0.392000
1642599270.080689 0.301395 0.298009 0.300621 3.038000 1.176000 0.392000
1642599270.108318 0.301372 0.298056 0.300597 3.038000 1.176000 0.392000
1642599270.143540 0.301324 0.298127 0.300573 3.038000 1.176000 0.392000
1642599270.175687 0.301277 0.298174 0.300573 3.038000 1.274000 0.392000
1642599270.209403 0.301230 0.298245 0.300550 3.038000 1.274000 0.392000
1642599270.242815 0.301206 0.298292 0.300526 3.038000 1.274000 0.392000
1642599270.276160 0.301159 0.298340 0.300526 3.038000 1.274000 0.392000
1642599270.310112 0.301111 0.298410 0.300502 3.038000 1.274000 0.392000
1642599270.342908 0.301088 0.298458 0.300479 3.038000 1.274000 0.392000
1642599270.376464 0.301041 0.298505 0.300455 3.038000 1.274000 0.392000
1642599270.409762 0.301017 0.298552 0.300455 3.136000 1.274000 0.392000
1642599270.443141 0.300970 0.298623 0.300432 3.136000 1.274000 0.392000
1642599270.479223 0.300946 0.298670 0.300432 3.136000 1.274000 0.392000
1642599270.510762 0.300899 0.298718 0.300408 3.136000 1.274000 0.392000
1642599270.548153 0.300875 0.298765 0.300384 3.136000 1.274000 0.392000
1642599270.576332 0.300828 0.298812 0.300384 3.136000 1.274000 0.392000
1642599270.608103 0.300804 0.298836 0.300361 3.136000 1.274000 0.392000
1642599270.644881 0.300781 0.298883 0.300361 3.136000 1.274000 0.392000
1642599270.678174 0.300757 0.298931 0.300337 3.038000 1.372000 0.392000
1642599270.710567 0.300710 0.298978 0.300313 3.038000 1.372000 0.392000
1642599270.742949 0.300686 0.299025 0.300313 3.038000 1.372000 0.392000
1642599270.776702 0.300662 0.299049 0.300313 3.136000 1.372000 0.392000
1642599270.809866 0.300639 0.299096 0.300290 3.136000 1.372000 0.392000
1642599270.843165 0.300615 0.299143 0.300266 3.136000 1.372000 0.392000
1642599270.875916 0.300568 0.299167 0.300266 3.136000 1.372000 0.392000
1642599270.909409 0.300544 0.299214 0.300266 3.038000 1.372000 0.392000
1642599270.946645 0.300520 0.299238 0.300242 3.038000 1.372000 0.392000
1642599270.979223 0.300497 0.299261 0.300242 3.038000 1.372000 0.392000
1642599271.011814 0.300473 0.299309 0.300219 3.038000 1.372000 0.392000
1642599271.047825 0.300473 0.299332 0.300219 3.136000 1.372000 0.392000
1642599271.077346 0.300450 0.299356 0.300219 3.136000 1.372000 0.392000
1642599271.110001 0.300426 0.299403 0.300195 3.136000 1.372000 0.392000
1642599271.145505 0.300402 0.299427 0.300195 3.136000 1.372000 0.392000
1642599271.178311 0.300379 0.299451 0.300171 3.136000 1.470000 0.392000
1642599271.209682 0.300379 0.299474 0.300171 3.136000 1.470000 0.392000
1642599271.242319 0.300355 0.299498 0.300171 3.136000 1.470000 0.392000
1642599271.277670 0.300331 0.299522 0.300171 3.136000 1.470000 0.392000
1642599271.310318 0.300308 0.299545 0.300148 3.136000 1.470000 0.392000
1642599271.344827 0.300308 0.299569 0.300148 3.136000 1.470000 0.392000
1642599271.380608 0.300284 0.299592 0.300148 3.136000 1.470000 0.392000
1642599271.414797 0.300260 0.299616 0.300124 3.136000 1.470000 0.392000
1642599271.446697 0.300260 0.299640 0.300124 3.136000 1.470000 0.392000
1642599271.479253 0.300237 0.299663 0.300124 3.136000 1.470000 0.392000
1642599271.511780 0.300213 0.299687 0.300124 3.136000 1.470000 0.392000
1642599271.545277 0.300213 0.299711 0.300101 3.136000 1.470000 0.392000
1642599271.577522 0.300189 0.299711 0.300101 3.136000 1.470000 0.392000
1642599271.610168 0.300189 0.299734 0.300101 3.136000 1.470000 0.392000
1642599271.643789 0.300166 0.299758 0.300101 3.136000 1.470000 0.392000
1642599271.678569 0.300166 0.299758 0.300101 3.136000 1.470000 0.392000
1642599271.709987 0.300166 0.299782 0.300077 3.136000 1.470000 0.392000
1642599271.743421 0.300142 0.299782 0.300077 3.136000 1.470000 0.392000
1642599271.776595 0.300142 0.299805 0.300077 3.136000 1.470000 0.392000
1642599271.811365 0.300119 0.299805 0.300077 3.136000 1.470000 0.392000
1642599271.843080 0.300119 0.299829 0.300077 3.136000 1.470000 0.392000
1642599271.875918 0.300119 0.299829 0.300077 3.136000 1.470000 0.392000
1642599271.912110 0.300095 0.299853 0.300077 3.136000 1.470000 0.392000
1642599271.951291 0.300095 0.299853 0.300053 3.136000 1.470000 0.392000
1642599271.980436 0.300095 0.299876 0.300053 3.136000 1.470000 0.392000
1642599272.010001 0.300095 0.299876 0.300053 3.136000 1.470000 0.392000
1642599272.042700 0.300071 0.299876 0.300053 3.136000 1.470000 0.392000
1642599272.075885 0.300071 0.299876 0.300053 3.136000 1.470000 0.392000
1642599272.109144 0.300071 0.299900 0.300053 3.136000 1.470000 0.392000
1642599272.142033 0.300071 0.299900 0.300053 3.136000 1.470000 0.392000
1642599272.178665 0.300071 0.299900 0.300053 3.136000 1.470000 0.392000
1642599272.209500 0.300071 0.299900 0.300053 3.136000 1.470000 0.392000
1642599272.244305 0.300048 0.299923 0.300053 3.136000 1.470000 0.392000
1642599272.276646 0.300048 0.299923 0.300053 3.136000 1.470000 0.392000
1642599272.311377 0.300048 0.299923 0.300053 3.136000 1.470000 0.392000
1642599272.342701 0.300048 0.299923 0.300053 3.136000 1.470000 0.392000
1642599272.381339 0.300048 0.299923 0.300053 3.136000 1.470000 0.392000
1642599272.414559 0.300048 0.299923 0.300030 3.136000 1.470000 0.392000
1642599272.448388 0.300048 0.299947 0.300030 3.136000 1.470000 0.392000
1642599272.476859 0.300048 0.299947 0.300030 3.136000 1.470000 0.392000
1642599272.509054 0.300048 0.299947 0.300030 3.136000 1.470000 0.392000
1642599272.543304 0.300048 0.299947 0.300053 3.136000 1.470000 0.392000
1642599272.575969 0.300048 0.299947 0.300053 3.136000 1.470000 0.392000
1642599272.610024 0.300048 0.299947 0.300053 3.136000 1.470000 0.392000
1642599272.643394 0.300048 0.299947 0.300030 3.136000 1.470000 0.392000
1642599272.676828 0.300024 0.299923 0.300030 3.136000 1.470000 0.392000
1642599272.709872 0.300024 0.299923 0.300030 3.136000 1.470000 0.392000
1642599272.743384 0.300024 0.299947 0.300030 3.136000 1.470000 0.392000
1642599272.776731 0.300048 0.299947 0.300053 3.136000 1.470000 0.392000
1642599272.809675 0.300048 0.299947 0.300053 3.136000 1.470000 0.392000
1642599272.842374 0.300048 0.299947 0.300053 3.136000 1.470000 0.392000
1642599272.879284 0.300048 0.299923 0.300053 3.136000 1.470000 0.392000
1642599272.914147 0.300048 0.299923 0.300030 3.136000 1.470000 0.392000
1642599272.947621 0.300048 0.299947 0.300030 3.136000 1.470000 0.392000
