1643016083.083965 0.299994 0.300010 0.299990 0.000000 0.000000 nan
1643016083.122710 0.299994 0.300010 0.299990 0.000000 0.000000 nan
1643016083.159145 0.299994 0.300010 0.299990 0.000000 0.000000 nan
1643016083.160753 0.299994 0.300010 0.299990 0.000000 0.000000 nan
1643016086.095956 0.299994 0.300010 0.299990 nan 0.000000 0.500000
1643016086.127446 0.299994 0.300010 0.299990 nan 0.000000 0.500000
1643016086.160796 0.299994 0.300010 0.299990 nan 0.000000 0.500000
1643016086.195172 0.299994 0.300010 0.299990 nan 0.000000 0.500000
1643016086.232603 0.299994 0.300010 0.299990 nan 0.000000 0.500000
1643016086.265895 0.299994 0.300010 0.299990 nan 0.000000 0.500000
1643016086.298513 0.299994 0.300010 0.299990 nan 0.000000 0.500000
1643016086.329763 0.299994 0.300010 0.299990 nan 0.000000 0.500000
1643016086.361201 0.299994 0.300010 0.299990 nan 0.000000 0.500000
1643016086.394753 0.299994 0.300010 0.299990 2.156000 0.000000 -0.882000
1643016086.428068 0.299994 0.300010 0.299990 2.156000 0.000000 -0.882000
1643016086.461663 0.299994 0.300010 0.299990 2.156000 0.000000 -0.882000
1643016086.496241 0.299994 0.300010 0.299990 2.156000 0.000000 -0.784000
1643016086.529049 0.299994 0.300010 0.299990 2.156000 0.000000 -0.784000
1643016086.561081 0.299994 0.300010 0.299990 2.156000 0.000000 -0.784000
1643016086.596517 0.299994 0.300010 0.299990 2.156000 0.000000 -0.784000
1643016086.629323 0.299994 0.300010 0.299990 2.156000 0.000000 -0.882000
1643016086.661769 0.299994 0.300010 0.299966 2.156000 0.000000 -0.882000
1643016086.695040 0.299994 0.300010 0.299966 2.156000 0.000000 -0.882000
1643016086.732356 0.299994 0.300034 0.299966 2.156000 0.000000 -0.882000
1643016086.767230 0.299994 0.300034 0.299966 2.156000 0.000000 -0.882000
1643016086.798244 0.300018 0.300034 0.299943 2.156000 0.000000 -0.882000
1643016086.829699 0.300018 0.300034 0.299943 2.156000 0.000000 -0.882000
1643016086.862232 0.300018 0.300034 0.299943 2.156000 0.000000 -0.882000
1643016086.896612 0.300018 0.300034 0.299943 2.156000 0.000000 -0.882000
1643016086.930879 0.300018 0.300057 0.299943 2.156000 0.000000 -0.882000
1643016086.961900 0.300018 0.300057 0.299919 2.156000 0.000000 -0.882000
1643016086.994129 0.300018 0.300057 0.299919 2.156000 0.000000 -0.882000
1643016087.028959 0.300018 0.300057 0.299895 2.156000 0.000000 -0.882000
1643016087.060442 0.300041 0.300057 0.299895 2.156000 0.000000 -0.882000
1643016087.094980 0.300041 0.300081 0.299895 2.156000 0.000000 -0.882000
1643016087.128694 0.300041 0.300081 0.299872 2.156000 0.000000 -0.882000
1643016087.160013 0.300041 0.300081 0.299872 2.156000 0.000000 -0.882000
1643016087.195397 0.300041 0.300105 0.299848 2.156000 0.000000 -0.882000
1643016087.231490 0.300065 0.300105 0.299848 2.156000 0.000000 -0.882000
1643016087.267260 0.300065 0.300105 0.299825 2.156000 0.000000 -0.882000
1643016087.296623 0.300065 0.300128 0.299825 2.156000 0.000000 -0.882000
1643016087.328465 0.300065 0.300128 0.299801 2.156000 0.000000 -0.882000
1643016087.360671 0.300089 0.300128 0.299777 2.156000 0.000000 -0.882000
1643016087.395160 0.300089 0.300152 0.299777 2.156000 0.000000 -0.882000
1643016087.429221 0.300089 0.300152 0.299754 2.156000 0.000000 -0.882000
1643016087.461596 0.300089 0.300152 0.299730 2.156000 0.000000 -0.882000
1643016087.493885 0.300112 0.300175 0.299730 2.156000 0.000000 -0.882000
1643016087.529435 0.300112 0.300175 0.299706 2.156000 0.098000 -0.882000
1643016087.560638 0.300112 0.300199 0.299683 2.156000 0.098000 -0.882000
1643016087.593942 0.300136 0.300223 0.299659 2.156000 0.098000 -0.882000
1643016087.628582 0.300136 0.300223 0.299635 2.156000 0.098000 -0.882000
1643016087.669078 0.300159 0.300246 0.299612 2.156000 0.098000 -0.882000
1643016087.698168 0.300159 0.300246 0.299588 2.156000 0.098000 -0.882000
1643016087.728865 0.300183 0.300270 0.299541 2.156000 0.098000 -0.882000
1643016087.761433 0.300183 0.300270 0.299517 2.156000 0.098000 -0.882000
1643016087.795546 0.300183 0.300294 0.299494 2.156000 0.098000 -0.882000
1643016087.827710 0.300207 0.300317 0.299470 2.156000 0.098000 -0.882000
1643016087.861105 0.300207 0.300341 0.299446 2.156000 0.098000 -0.882000
1643016087.895431 0.300230 0.300365 0.299423 2.156000 0.098000 -0.882000
1643016087.928714 0.300230 0.300365 0.299375 2.156000 0.098000 -0.882000
1643016087.961190 0.300254 0.300388 0.299352 2.156000 0.098000 -0.882000
1643016087.995348 0.300254 0.300412 0.299328 2.156000 0.098000 -0.882000
1643016088.028932 0.300278 0.300436 0.299281 2.156000 0.098000 -0.882000
1643016088.060045 0.300278 0.300459 0.299257 2.156000 0.098000 -0.882000
1643016088.095459 0.300301 0.300483 0.299210 2.156000 0.098000 -0.882000
1643016088.134026 0.300325 0.300483 0.299186 2.156000 0.098000 -0.882000
1643016088.167427 0.300325 0.300506 0.299139 2.156000 0.098000 -0.980000
1643016088.200201 0.300349 0.300530 0.299092 2.156000 0.098000 -0.980000
1643016088.230251 0.300372 0.300554 0.299068 2.156000 0.098000 -0.980000
1643016088.261583 0.300372 0.300601 0.299021 2.156000 0.098000 -0.980000
1643016088.295218 0.300396 0.300625 0.298973 2.156000 0.000000 -0.980000
1643016088.327262 0.300420 0.300648 0.298950 2.156000 0.000000 -0.980000
1643016088.361699 0.300443 0.300672 0.298903 2.156000 0.000000 -0.980000
1643016088.395022 0.300443 0.300696 0.298855 2.156000 0.000000 -0.980000
1643016088.427588 0.300467 0.300719 0.298808 2.156000 0.000000 -0.980000
1643016088.460837 0.300490 0.300767 0.298761 2.156000 0.000000 -0.980000
1643016088.494190 0.300514 0.300790 0.298713 2.156000 0.000000 -0.980000
1643016088.526873 0.300538 0.300814 0.298642 2.156000 0.000000 -0.980000
1643016088.560993 0.300538 0.300837 0.298595 2.156000 0.000000 -0.980000
1643016088.594295 0.300561 0.300885 0.298548 2.156000 0.000000 -0.980000
1643016088.630825 0.300585 0.300908 0.298501 2.156000 0.000000 -0.980000
1643016088.665484 0.300609 0.300932 0.298430 2.156000 0.000000 -0.980000
1643016088.696896 0.300632 0.300979 0.298382 2.156000 0.000000 -0.980000
1643016088.728827 0.300656 0.301003 0.298312 2.156000 0.000000 -0.980000
1643016088.760126 0.300680 0.301050 0.298264 2.156000 0.000000 -0.980000
1643016088.793663 0.300703 0.301074 0.298217 2.156000 0.000000 -0.980000
1643016088.828840 0.300727 0.301121 0.298146 2.156000 0.000000 -0.980000
1643016088.863218 0.300774 0.301145 0.298099 2.156000 0.000000 -0.980000
1643016088.893718 0.300798 0.301192 0.298028 2.156000 0.000000 -0.980000
1643016088.928775 0.300821 0.301239 0.297957 2.156000 0.098000 -1.078000
1643016088.961483 0.300845 0.301263 0.297886 2.156000 0.098000 -1.078000
1643016088.994924 0.300869 0.301310 0.297839 2.156000 0.098000 -1.078000
1643016089.028213 0.300892 0.301334 0.297768 2.156000 0.098000 -1.078000
1643016089.068033 0.300916 0.301381 0.297697 2.156000 0.098000 -1.078000
1643016089.098554 0.300940 0.301428 0.297626 2.156000 0.098000 -1.078000
1643016089.132560 0.300963 0.301476 0.297555 2.156000 0.098000 -1.078000
1643016089.163914 0.300987 0.301523 0.297484 2.156000 0.098000 -1.078000
1643016089.197166 0.301034 0.301547 0.297413 2.156000 0.098000 -1.078000
1643016089.227526 0.301058 0.301594 0.297342 2.156000 0.098000 -1.078000
1643016089.260936 0.301081 0.301641 0.297271 2.156000 0.098000 -1.078000
1643016089.295280 0.301105 0.301688 0.297200 2.156000 0.098000 -1.078000
1643016089.327489 0.301152 0.301736 0.297129 2.156000 0.098000 -1.078000
1643016089.360932 0.301176 0.301783 0.297059 2.156000 0.098000 -1.078000
1643016089.395195 0.301200 0.301830 0.296964 2.156000 0.098000 -1.078000
1643016089.427680 0.301247 0.301854 0.296893 2.156000 0.098000 -1.078000
1643016089.461103 0.301271 0.301925 0.296799 2.156000 0.098000 -1.078000
1643016089.495227 0.301294 0.301972 0.296728 2.156000 0.098000 -1.078000
1643016089.528978 0.301342 0.302019 0.296657 2.156000 0.098000 -1.078000
1643016089.561093 0.301365 0.302067 0.296562 2.156000 0.098000 -1.078000
1643016089.597225 0.301389 0.302114 0.296491 2.156000 0.098000 -1.078000
1643016089.629480 0.301436 0.302161 0.296397 2.156000 0.098000 -1.078000
1643016089.663036 0.301460 0.302209 0.296302 2.156000 0.098000 -1.078000
1643016089.697545 0.301507 0.302256 0.296231 2.156000 0.098000 -1.078000
1643016089.727792 0.301531 0.302327 0.296137 2.156000 0.098000 -1.078000
1643016089.761514 0.301578 0.302374 0.296066 2.156000 0.098000 -1.078000
1643016089.794472 0.301602 0.302421 0.295971 2.156000 0.098000 -1.078000
1643016089.829115 0.301649 0.302469 0.295877 2.156000 0.098000 -1.078000
1643016089.861309 0.301672 0.302540 0.295782 2.156000 0.098000 -1.078000
1643016089.894462 0.301720 0.302587 0.295711 2.156000 0.098000 -1.078000
1643016089.930105 0.301743 0.302634 0.295616 2.156000 0.098000 -1.176000
1643016089.960536 0.301791 0.302705 0.295522 2.156000 0.098000 -1.176000
1643016089.994837 0.301814 0.302752 0.295427 2.156000 0.098000 -1.176000
1643016090.028167 0.301862 0.302800 0.295333 2.156000 0.098000 -1.176000
1643016090.062380 0.301909 0.302871 0.295238 2.058000 0.196000 -1.176000
1643016090.100440 0.301933 0.302918 0.295144 2.058000 0.196000 -1.176000
1643016090.132694 0.301980 0.302989 0.295025 2.058000 0.196000 -1.176000
1643016090.172751 0.302027 0.303060 0.294907 2.058000 0.196000 -1.176000
1643016090.195301 0.302051 0.303083 0.294860 2.058000 0.196000 -1.176000
1643016090.230966 0.302074 0.303154 0.294765 2.058000 0.196000 -1.176000
1643016090.262455 0.302122 0.303201 0.294671 2.058000 0.196000 -1.176000
1643016090.297264 0.302169 0.303272 0.294553 2.058000 0.196000 -1.176000
1643016090.330753 0.302216 0.303320 0.294458 2.058000 0.196000 -1.176000
1643016090.362142 0.302240 0.303391 0.294364 2.058000 0.196000 -1.176000
1643016090.395324 0.302287 0.303438 0.294269 2.058000 0.196000 -1.176000
1643016090.427979 0.302311 0.303509 0.294174 2.058000 0.196000 -1.176000
1643016090.461098 0.302358 0.303556 0.294056 2.058000 0.196000 -1.176000
1643016090.495609 0.302405 0.303627 0.293962 2.058000 0.196000 -1.176000
1643016090.527230 0.302453 0.303674 0.293867 2.058000 0.196000 -1.176000
1643016090.560710 0.302476 0.303745 0.293773 2.058000 0.294000 -1.274000
1643016090.594925 0.302524 0.303816 0.293654 2.058000 0.294000 -1.274000
1643016090.627184 0.302571 0.303863 0.293560 2.058000 0.294000 -1.274000
1643016090.665376 0.302618 0.303934 0.293442 2.058000 0.294000 -1.274000
1643016090.698615 0.302642 0.303982 0.293347 2.058000 0.294000 -1.274000
1643016090.728863 0.302689 0.304053 0.293252 2.058000 0.294000 -1.274000
1643016090.761200 0.302736 0.304123 0.293134 2.058000 0.294000 -1.274000
1643016090.795728 0.302784 0.304171 0.293040 2.058000 0.294000 -1.274000
1643016090.829237 0.302831 0.304242 0.292945 2.058000 0.294000 -1.274000
1643016090.861207 0.302855 0.304289 0.292827 2.058000 0.294000 -1.274000
1643016090.894478 0.302902 0.304360 0.292732 2.058000 0.294000 -1.274000
1643016090.928093 0.302949 0.304431 0.292638 2.058000 0.294000 -1.274000
1643016090.961471 0.302973 0.304478 0.292520 2.058000 0.294000 -1.274000
1643016090.994123 0.303020 0.304549 0.292425 2.058000 0.294000 -1.274000
1643016091.028683 0.303067 0.304620 0.292307 2.058000 0.294000 -1.274000
1643016091.061998 0.303115 0.304667 0.292212 2.058000 0.294000 -1.274000
1643016091.095508 0.303162 0.304738 0.292094 2.058000 0.392000 -1.372000
1643016091.128044 0.303185 0.304809 0.291999 2.058000 0.392000 -1.372000
1643016091.169991 0.303233 0.304880 0.291881 2.058000 0.392000 -1.372000
1643016091.198864 0.303280 0.304927 0.291787 2.058000 0.392000 -1.372000
1643016091.230478 0.303327 0.304998 0.291692 2.058000 0.392000 -1.372000
1643016091.262270 0.303351 0.305045 0.291574 2.058000 0.392000 -1.372000
1643016091.295606 0.303398 0.305116 0.291479 2.058000 0.392000 -1.372000
1643016091.327186 0.303446 0.305164 0.291385 2.058000 0.490000 -1.372000
1643016091.360579 0.303469 0.305235 0.291290 2.058000 0.490000 -1.372000
1643016091.393920 0.303516 0.305282 0.291172 2.058000 0.490000 -1.372000
1643016091.427337 0.303564 0.305353 0.291077 2.058000 0.490000 -1.372000
1643016091.460910 0.303611 0.305424 0.290959 2.058000 0.490000 -1.372000
1643016091.494146 0.303658 0.305471 0.290865 2.058000 0.490000 -1.372000
1643016091.527659 0.303682 0.305542 0.290770 2.058000 0.490000 -1.372000
1643016091.559930 0.303729 0.305613 0.290652 2.058000 0.490000 -1.372000
1643016091.593431 0.303777 0.305660 0.290557 2.058000 0.490000 -1.470000
1643016091.631941 0.303800 0.305731 0.290463 2.058000 0.490000 -1.470000
1643016091.666528 0.303847 0.305802 0.290345 2.058000 0.490000 -1.470000
1643016091.695226 0.303895 0.305849 0.290250 2.058000 0.490000 -1.470000
1643016091.727567 0.303942 0.305897 0.290155 1.960000 0.588000 -1.470000
1643016091.761624 0.303966 0.305967 0.290061 1.960000 0.588000 -1.470000
1643016091.795079 0.304013 0.306015 0.289966 1.960000 0.588000 -1.470000
1643016091.828647 0.304060 0.306086 0.289872 1.960000 0.588000 -1.470000
1643016091.862954 0.304084 0.306133 0.289754 1.960000 0.588000 -1.470000
1643016091.893390 0.304131 0.306204 0.289659 1.960000 0.588000 -1.470000
1643016091.928791 0.304155 0.306275 0.289564 1.960000 0.588000 -1.470000
1643016091.960380 0.304202 0.306322 0.289470 1.960000 0.588000 -1.568000
1643016091.993568 0.304249 0.306369 0.289375 1.960000 0.588000 -1.568000
1643016092.027938 0.304273 0.306440 0.289281 1.960000 0.588000 -1.568000
1643016092.064454 0.304320 0.306488 0.289186 1.960000 0.588000 -1.568000
1643016092.100829 0.304368 0.306558 0.289092 1.960000 0.686000 -1.568000
1643016092.132025 0.304391 0.306606 0.288997 1.960000 0.686000 -1.568000
1643016092.162563 0.304438 0.306653 0.288903 1.960000 0.686000 -1.568000
1643016092.194953 0.304462 0.306724 0.288832 1.960000 0.686000 -1.568000
1643016092.227455 0.304509 0.306771 0.288737 1.960000 0.686000 -1.568000
1643016092.260549 0.304533 0.306819 0.288642 1.960000 0.686000 -1.568000
1643016092.295554 0.304580 0.306866 0.288548 1.960000 0.686000 -1.568000
1643016092.329735 0.304604 0.306937 0.288477 1.960000 0.686000 -1.568000
1643016092.361953 0.304651 0.306984 0.288382 1.960000 0.686000 -1.568000
1643016092.394521 0.304698 0.307031 0.288288 1.960000 0.686000 -1.568000
1643016092.427956 0.304722 0.307079 0.288193 1.960000 0.686000 -1.568000
1643016092.461489 0.304746 0.307126 0.288122 1.960000 0.686000 -1.666000
1643016092.494729 0.304793 0.307197 0.288028 1.960000 0.686000 -1.666000
1643016092.531473 0.304817 0.307244 0.287933 1.960000 0.686000 -1.666000
1643016092.564714 0.304864 0.307291 0.287862 1.960000 0.686000 -1.666000
1643016092.600291 0.304888 0.307339 0.287768 1.862000 0.784000 -1.666000
1643016092.629366 0.304935 0.307386 0.287697 1.862000 0.784000 -1.666000
1643016092.662588 0.304959 0.307433 0.287626 1.862000 0.784000 -1.666000
1643016092.695038 0.304982 0.307480 0.287531 1.862000 0.784000 -1.666000
1643016092.729769 0.305006 0.307528 0.287460 1.862000 0.784000 -1.666000
1643016092.760056 0.305053 0.307575 0.287390 1.862000 0.784000 -1.666000
1643016092.794600 0.305077 0.307599 0.287319 1.862000 0.784000 -1.666000
1643016092.828948 0.305100 0.307646 0.287224 1.862000 0.784000 -1.666000
1643016092.861908 0.305148 0.307693 0.287153 1.862000 0.882000 -1.666000
1643016092.894654 0.305171 0.307740 0.287082 1.862000 0.882000 -1.666000
1643016092.928036 0.305195 0.307788 0.287011 1.862000 0.882000 -1.666000
1643016092.961184 0.305219 0.307835 0.286940 1.862000 0.882000 -1.666000
1643016092.996895 0.305242 0.307882 0.286869 1.862000 0.882000 -1.764000
1643016093.028176 0.305290 0.307930 0.286799 1.862000 0.882000 -1.764000
1643016093.062935 0.305313 0.307953 0.286728 1.862000 0.882000 -1.764000
1643016093.094315 0.305337 0.308001 0.286680 1.862000 0.882000 -1.764000
1643016093.128744 0.305360 0.308048 0.286609 1.862000 0.882000 -1.764000
1643016093.162162 0.305384 0.308071 0.286538 1.862000 0.882000 -1.764000
1643016093.193350 0.305408 0.308119 0.286468 1.862000 0.882000 -1.764000
1643016093.226901 0.305431 0.308142 0.286397 1.862000 0.882000 -1.764000
1643016093.262181 0.305455 0.308190 0.286349 1.862000 0.882000 -1.764000
1643016093.294788 0.305479 0.308237 0.286278 1.862000 0.882000 -1.764000
1643016093.328211 0.305526 0.308261 0.286231 1.862000 0.882000 -1.764000
1643016093.363852 0.305550 0.308308 0.286160 1.862000 0.882000 -1.764000
1643016093.395341 0.305550 0.308332 0.286113 1.862000 0.882000 -1.764000
1643016093.431194 0.305573 0.308379 0.286042 1.862000 0.882000 -1.764000
1643016093.465322 0.305597 0.308402 0.285995 1.862000 0.882000 -1.764000
1643016093.501474 0.305620 0.308450 0.285924 1.862000 0.882000 -1.862000
1643016093.528255 0.305644 0.308473 0.285877 1.862000 0.882000 -1.862000
1643016093.560810 0.305668 0.308497 0.285829 1.862000 0.882000 -1.862000
1643016093.596393 0.305691 0.308521 0.285782 1.862000 0.980000 -1.862000
1643016093.628492 0.305715 0.308568 0.285735 1.862000 0.980000 -1.862000
1643016093.660802 0.305715 0.308592 0.285687 1.862000 0.980000 -1.862000
1643016093.695206 0.305739 0.308615 0.285640 1.862000 0.980000 -1.862000
1643016093.728675 0.305762 0.308639 0.285593 1.862000 0.980000 -1.862000
1643016093.760773 0.305786 0.308662 0.285546 1.862000 0.980000 -1.862000
1643016093.794188 0.305810 0.308710 0.285498 1.862000 0.980000 -1.862000
1643016093.828598 0.305810 0.308733 0.285475 1.862000 0.980000 -1.862000
1643016093.860114 0.305833 0.308757 0.285427 1.862000 0.980000 -1.862000
1643016093.895226 0.305857 0.308781 0.285380 1.862000 0.980000 -1.862000
1643016093.927642 0.305857 0.308804 0.285333 1.862000 0.980000 -1.862000
1643016093.963905 0.305881 0.308828 0.285309 1.862000 0.980000 -1.862000
1643016093.994530 0.305904 0.308852 0.285262 1.764000 0.980000 -1.960000
1643016094.029825 0.305904 0.308875 0.285215 1.764000 0.980000 -1.960000
1643016094.062085 0.305928 0.308875 0.285191 1.764000 0.980000 -1.960000
1643016094.094239 0.305928 0.308899 0.285144 1.764000 0.980000 -1.960000
1643016094.130030 0.305951 0.308923 0.285120 1.764000 0.980000 -1.960000
1643016094.169417 0.305975 0.308946 0.285073 1.764000 0.980000 -1.960000
1643016094.193608 0.305975 0.308970 0.285049 1.764000 0.980000 -1.960000
1643016094.227968 0.305999 0.308993 0.285025 1.764000 0.980000 -1.960000
1643016094.260451 0.305999 0.308993 0.285002 1.862000 0.980000 -1.960000
1643016094.295597 0.306022 0.309017 0.284955 1.862000 0.980000 -1.960000
1643016094.327304 0.306022 0.309041 0.284931 1.862000 0.980000 -1.960000
1643016094.360501 0.306046 0.309041 0.284907 1.862000 1.078000 -1.960000
1643016094.393779 0.306046 0.309064 0.284884 1.862000 1.078000 -1.960000
1643016094.428957 0.306046 0.309088 0.284860 1.862000 1.078000 -1.960000
1643016094.463908 0.306070 0.309088 0.284836 1.862000 1.078000 -1.960000
1643016094.499933 0.306070 0.309112 0.284813 1.862000 1.078000 -2.058000
1643016094.529232 0.306093 0.309135 0.284789 1.862000 1.078000 -2.058000
1643016094.561595 0.306093 0.309135 0.284765 1.862000 1.078000 -2.058000
1643016094.593779 0.306093 0.309159 0.284742 1.862000 1.078000 -2.058000
1643016094.629289 0.306117 0.309159 0.284718 1.764000 1.078000 -2.058000
1643016094.660668 0.306117 0.309183 0.284718 1.764000 1.078000 -2.058000
1643016094.694075 0.306117 0.309183 0.284694 1.764000 1.078000 -2.058000
1643016094.727493 0.306141 0.309206 0.284671 1.764000 1.078000 -2.058000
1643016094.762537 0.306141 0.309206 0.284671 1.764000 1.078000 -2.058000
1643016094.796312 0.306141 0.309206 0.284647 1.764000 1.078000 -2.058000
1643016094.827898 0.306141 0.309230 0.284624 1.764000 1.078000 -2.058000
1643016094.862221 0.306164 0.309230 0.284600 1.764000 1.078000 -2.058000
1643016094.897232 0.306164 0.309230 0.284600 1.764000 1.078000 -2.058000
1643016094.930482 0.306164 0.309253 0.284576 1.764000 1.078000 -2.058000
1643016094.962129 0.306164 0.309253 0.284576 1.764000 1.078000 -2.058000
1643016094.993635 0.306188 0.309253 0.284576 1.764000 1.078000 -2.058000
1643016095.028944 0.306188 0.309277 0.284553 1.764000 1.078000 -2.058000
1643016095.060221 0.306188 0.309277 0.284553 1.764000 1.078000 -2.058000
1643016095.093628 0.306188 0.309277 0.284529 1.764000 1.078000 -2.058000
1643016095.127118 0.306188 0.309277 0.284529 1.764000 1.078000 -2.058000
1643016095.161972 0.306188 0.309301 0.284505 1.764000 1.078000 -2.058000
1643016095.193746 0.306188 0.309301 0.284505 1.764000 1.078000 -2.058000
1643016095.229025 0.306211 0.309301 0.284505 1.764000 1.078000 -2.058000
1643016095.261569 0.306211 0.309301 0.284505 1.862000 1.078000 -2.058000
1643016095.293730 0.306211 0.309301 0.284482 1.862000 1.078000 -2.058000
1643016095.329368 0.306211 0.309301 0.284482 1.862000 1.078000 -2.058000
1643016095.363110 0.306211 0.309301 0.284482 1.862000 1.078000 -2.058000
1643016095.400922 0.306211 0.309324 0.284482 1.764000 1.078000 -2.058000
1643016095.431250 0.306211 0.309324 0.284482 1.764000 1.078000 -2.058000
1643016095.461511 0.306211 0.309324 0.284458 1.764000 1.078000 -2.058000
1643016095.495724 0.306211 0.309324 0.284458 1.764000 1.078000 -2.058000
1643016095.528261 0.306211 0.309324 0.284458 1.764000 1.078000 -2.058000
1643016095.561445 0.306211 0.309324 0.284458 1.764000 1.078000 -2.058000
1643016095.593798 0.306211 0.309324 0.284458 1.764000 1.078000 -2.058000
1643016095.628352 0.306211 0.309324 0.284458 1.764000 1.078000 -2.058000
1643016095.662042 0.306211 0.309324 0.284458 1.764000 1.078000 -2.058000
1643016095.694897 0.306211 0.309324 0.284458 1.764000 1.078000 -2.058000
1643016095.728342 0.306211 0.309324 0.284458 1.764000 1.078000 -2.058000
1643016095.761893 0.306211 0.309324 0.284458 1.764000 1.078000 -2.058000
1643016095.793982 0.306211 0.309324 0.284458 1.764000 1.078000 -2.058000
1643016095.832086 0.306211 0.309324 0.284458 1.764000 1.078000 -2.058000
1643016095.862578 0.306211 0.309324 0.284458 1.764000 1.078000 -2.058000
1643016095.898571 0.306211 0.309324 0.284458 1.764000 1.078000 -2.058000
1643016095.928949 0.306235 0.309324 0.284458 1.764000 1.078000 -2.058000
1643016095.961170 0.306235 0.309324 0.284458 1.764000 1.078000 -2.058000
1643016095.995618 0.306235 0.309324 0.284458 1.764000 1.078000 -2.058000
1643016096.028253 0.306211 0.309324 0.284458 1.764000 1.078000 -2.058000
1643016096.061352 0.306211 0.309324 0.284458 1.764000 1.078000 -2.058000
1643016096.098607 0.306211 0.309324 0.284458 1.764000 1.078000 -2.058000
1643016096.133018 0.306211 0.309324 0.284458 1.764000 1.078000 -2.058000
1643016096.166397 0.306211 0.309324 0.284458 1.764000 1.078000 -2.058000
1643016096.198894 0.306211 0.309324 0.284458 1.764000 1.078000 -2.058000
1643016096.237199 0.306211 0.309324 0.284458 1.764000 1.078000 -2.058000
1643016096.272433 0.306211 0.309324 0.284458 1.862000 1.078000 -2.058000
1643016096.299744 0.306211 0.309324 0.284458 1.862000 1.078000 -2.058000
1643016096.332226 0.306211 0.309324 0.284458 1.862000 1.078000 -2.058000
1643016096.366483 0.306211 0.309324 0.284458 1.862000 1.078000 -2.058000
1643016096.400077 0.306211 0.309324 0.284458 1.862000 1.078000 -2.058000
1643016096.432217 0.306211 0.309324 0.284458 1.862000 1.078000 -2.058000
1643016096.464795 0.306211 0.309324 0.284458 1.862000 1.078000 -2.058000
1643016096.499014 0.306211 0.309324 0.284458 1.862000 1.078000 -2.058000
1643016096.532586 0.306211 0.309324 0.284458 1.862000 1.078000 -2.058000
1643016096.568696 0.306211 0.309324 0.284458 1.862000 1.078000 -2.058000
1643016096.599047 0.306211 0.309324 0.284482 1.862000 1.078000 -2.058000
1643016096.631598 0.306211 0.309324 0.284482 1.862000 1.078000 -2.058000
1643016096.667243 0.306211 0.309301 0.284482 1.862000 1.078000 -2.058000
1643016096.697718 0.306211 0.309301 0.284482 1.862000 1.078000 -2.058000
1643016096.732092 0.306211 0.309301 0.284482 1.862000 1.078000 -2.058000
1643016096.764868 0.306188 0.309301 0.284482 1.862000 1.078000 -2.058000
1643016096.799093 0.306188 0.309301 0.284482 1.862000 1.078000 -2.058000
1643016096.831578 0.306188 0.309301 0.284505 1.862000 1.078000 -2.058000
1643016096.864839 0.306188 0.309301 0.284505 1.862000 1.078000 -2.058000
1643016096.899222 0.306188 0.309301 0.284505 1.862000 1.078000 -2.058000
1643016096.931589 0.306188 0.309277 0.284529 1.862000 1.078000 -2.058000
1643016096.967121 0.306188 0.309277 0.284529 1.862000 1.078000 -2.058000
1643016096.998690 0.306188 0.309277 0.284529 1.862000 1.078000 -2.058000
1643016097.033115 0.306188 0.309277 0.284529 1.862000 0.980000 -1.960000
1643016097.064445 0.306164 0.309277 0.284553 1.862000 0.980000 -1.960000
1643016097.099037 0.306164 0.309253 0.284553 1.862000 0.980000 -1.960000
1643016097.137330 0.306164 0.309253 0.284576 1.862000 0.980000 -1.960000
1643016097.168898 0.306164 0.309253 0.284576 1.862000 0.980000 -1.960000
1643016097.198237 0.306164 0.309230 0.284600 1.862000 0.980000 -1.960000
1643016097.233736 0.306141 0.309230 0.284600 1.862000 0.980000 -1.960000
1643016097.265227 0.306141 0.309230 0.284624 1.862000 0.980000 -1.960000
1643016097.298570 0.306141 0.309230 0.284624 1.862000 0.980000 -1.960000
1643016097.331909 0.306141 0.309206 0.284647 1.862000 0.980000 -1.960000
1643016097.366168 0.306117 0.309206 0.284671 1.862000 0.980000 -1.960000
1643016097.399544 0.306117 0.309183 0.284671 1.862000 0.980000 -1.960000
1643016097.431757 0.306117 0.309183 0.284694 1.862000 0.980000 -1.960000
1643016097.467263 0.306117 0.309183 0.284718 1.862000 0.980000 -1.960000
1643016097.497857 0.306093 0.309159 0.284718 1.862000 0.980000 -1.960000
1643016097.532147 0.306093 0.309159 0.284742 1.862000 0.980000 -1.960000
1643016097.565442 0.306093 0.309135 0.284765 1.862000 0.980000 -1.960000
1643016097.598793 0.306070 0.309112 0.284789 1.862000 0.980000 -1.960000
1643016097.634546 0.306070 0.309112 0.284813 1.862000 0.980000 -1.960000
1643016097.673163 0.306046 0.309088 0.284836 1.862000 0.980000 -1.960000
1643016097.699676 0.306046 0.309088 0.284860 1.862000 0.980000 -1.960000
1643016097.733383 0.306046 0.309064 0.284884 1.862000 0.980000 -1.960000
1643016097.764821 0.306022 0.309064 0.284907 1.862000 0.980000 -1.960000
1643016097.799269 0.306022 0.309041 0.284955 1.862000 0.980000 -1.960000
1643016097.832515 0.305999 0.309017 0.284978 1.862000 0.980000 -1.960000
1643016097.864908 0.305999 0.308993 0.285002 1.862000 0.980000 -1.960000
1643016097.902552 0.305975 0.308970 0.285025 1.862000 0.980000 -1.960000
1643016097.932975 0.305975 0.308970 0.285073 1.862000 0.980000 -1.960000
1643016097.965046 0.305951 0.308946 0.285096 1.862000 0.980000 -1.960000
1643016097.998453 0.305951 0.308923 0.285120 1.862000 0.980000 -1.960000
1643016098.031092 0.305928 0.308899 0.285167 1.862000 0.980000 -1.862000
1643016098.069155 0.305928 0.308899 0.285191 1.862000 0.980000 -1.862000
1643016098.101812 0.305904 0.308875 0.285238 1.862000 0.980000 -1.862000
1643016098.134390 0.305904 0.308852 0.285262 1.862000 0.980000 -1.862000
1643016098.169400 0.305881 0.308828 0.285309 1.862000 0.882000 -1.862000
1643016098.199649 0.305857 0.308804 0.285333 1.862000 0.882000 -1.862000
1643016098.231982 0.305833 0.308757 0.285380 1.862000 0.882000 -1.862000
1643016098.264317 0.305833 0.308733 0.285427 1.862000 0.882000 -1.862000
1643016098.299088 0.305810 0.308710 0.285475 1.862000 0.882000 -1.862000
1643016098.333410 0.305786 0.308686 0.285498 1.862000 0.882000 -1.862000
1643016098.364912 0.305786 0.308662 0.285546 1.862000 0.882000 -1.862000
1643016098.399143 0.305762 0.308639 0.285593 1.862000 0.882000 -1.862000
1643016098.432685 0.305739 0.308615 0.285640 1.862000 0.882000 -1.862000
1643016098.464952 0.305715 0.308592 0.285687 1.862000 0.882000 -1.862000
1643016098.498281 0.305691 0.308544 0.285735 1.862000 0.882000 -1.862000
1643016098.536364 0.305691 0.308521 0.285806 1.862000 0.784000 -1.862000
1643016098.574021 0.305644 0.308473 0.285853 1.862000 0.784000 -1.862000
1643016098.603301 0.305644 0.308450 0.285900 1.862000 0.784000 -1.862000
1643016098.633864 0.305620 0.308426 0.285947 1.862000 0.784000 -1.862000
1643016098.667615 0.305597 0.308402 0.285995 1.960000 0.784000 -1.862000
1643016098.699984 0.305573 0.308355 0.286066 1.960000 0.784000 -1.862000
1643016098.732361 0.305550 0.308332 0.286113 1.960000 0.784000 -1.862000
1643016098.765862 0.305526 0.308284 0.286184 1.960000 0.784000 -1.862000
1643016098.799293 0.305502 0.308261 0.286231 1.960000 0.784000 -1.862000
1643016098.833091 0.305479 0.308213 0.286302 1.960000 0.784000 -1.862000
1643016098.865290 0.305455 0.308190 0.286349 1.960000 0.784000 -1.862000
1643016098.898535 0.305431 0.308142 0.286420 1.960000 0.784000 -1.862000
1643016098.932206 0.305408 0.308119 0.286468 1.960000 0.686000 -1.862000
1643016098.965622 0.305384 0.308071 0.286538 1.960000 0.686000 -1.862000
1643016099.002679 0.305360 0.308048 0.286609 1.960000 0.686000 -1.862000
1643016099.035646 0.305313 0.308001 0.286680 1.960000 0.686000 -1.862000
1643016099.070906 0.305290 0.307953 0.286751 1.960000 0.686000 -1.764000
1643016099.100964 0.305266 0.307906 0.286822 1.960000 0.686000 -1.764000
1643016099.133195 0.305242 0.307882 0.286869 1.960000 0.686000 -1.764000
1643016099.165879 0.305219 0.307835 0.286940 1.960000 0.686000 -1.764000
1643016099.198300 0.305195 0.307788 0.287011 1.960000 0.686000 -1.764000
1643016099.231638 0.305148 0.307740 0.287082 1.960000 0.686000 -1.764000
1643016099.266174 0.305124 0.307693 0.287153 1.960000 0.686000 -1.764000
1643016099.300873 0.305100 0.307646 0.287248 1.960000 0.686000 -1.764000
1643016099.332795 0.305053 0.307599 0.287319 1.960000 0.686000 -1.764000
1643016099.366715 0.305029 0.307575 0.287390 1.960000 0.686000 -1.764000
1643016099.399169 0.305006 0.307528 0.287460 1.960000 0.686000 -1.764000
1643016099.431952 0.304982 0.307480 0.287555 1.960000 0.588000 -1.764000
1643016099.465307 0.304935 0.307433 0.287626 1.960000 0.588000 -1.764000
1643016099.502942 0.304911 0.307362 0.287697 1.960000 0.588000 -1.764000
1643016099.536043 0.304864 0.307315 0.287791 1.960000 0.588000 -1.764000
1643016099.571361 0.304840 0.307268 0.287886 2.058000 0.588000 -1.764000
1643016099.599770 0.304817 0.307220 0.287957 2.058000 0.588000 -1.764000
1643016099.632433 0.304793 0.307173 0.288028 2.058000 0.588000 -1.764000
1643016099.666710 0.304746 0.307126 0.288122 2.058000 0.588000 -1.764000
1643016099.699223 0.304722 0.307079 0.288193 1.960000 0.588000 -1.764000
1643016099.732430 0.304675 0.307031 0.288288 1.960000 0.588000 -1.764000
1643016099.764946 0.304651 0.306960 0.288382 1.960000 0.588000 -1.764000
1643016099.800377 0.304604 0.306913 0.288477 1.960000 0.588000 -1.764000
1643016099.832954 0.304580 0.306866 0.288548 1.960000 0.588000 -1.764000
1643016099.865191 0.304533 0.306819 0.288642 1.960000 0.588000 -1.764000
1643016099.900688 0.304509 0.306748 0.288737 1.960000 0.588000 -1.764000
1643016099.940376 0.304462 0.306700 0.288832 2.058000 0.490000 -1.666000
1643016099.966547 0.304438 0.306653 0.288926 2.058000 0.490000 -1.666000
1643016100.003365 0.304391 0.306582 0.289021 2.058000 0.490000 -1.666000
1643016100.032854 0.304344 0.306535 0.289092 2.058000 0.490000 -1.666000
1643016100.067987 0.304320 0.306488 0.289186 2.058000 0.490000 -1.666000
1643016100.101897 0.304273 0.306417 0.289281 2.058000 0.490000 -1.666000
1643016100.131344 0.304249 0.306369 0.289375 2.058000 0.490000 -1.666000
1643016100.166728 0.304202 0.306298 0.289470 2.058000 0.490000 -1.666000
1643016100.200019 0.304178 0.306251 0.289588 2.058000 0.490000 -1.666000
1643016100.232492 0.304131 0.306180 0.289683 2.058000 0.490000 -1.666000
1643016100.265814 0.304084 0.306133 0.289777 2.058000 0.490000 -1.666000
1643016100.298165 0.304060 0.306086 0.289872 2.058000 0.490000 -1.666000
1643016100.331708 0.304013 0.306015 0.289966 2.058000 0.392000 -1.666000
1643016100.364941 0.303966 0.305967 0.290061 2.058000 0.392000 -1.666000
1643016100.398465 0.303942 0.305897 0.290155 2.058000 0.392000 -1.666000
1643016100.438099 0.303895 0.305849 0.290274 2.058000 0.392000 -1.666000
1643016100.468049 0.303847 0.305778 0.290368 2.058000 0.392000 -1.666000
1643016100.500542 0.303800 0.305707 0.290463 2.058000 0.392000 -1.666000
1643016100.532778 0.303777 0.305660 0.290557 2.058000 0.392000 -1.666000
1643016100.566710 0.303729 0.305589 0.290676 2.058000 0.392000 -1.666000
1643016100.598325 0.303706 0.305542 0.290770 2.058000 0.392000 -1.666000
1643016100.632779 0.303658 0.305471 0.290865 2.058000 0.392000 -1.666000
1643016100.665079 0.303611 0.305424 0.290983 2.058000 0.392000 -1.666000
1643016100.698591 0.303564 0.305353 0.291077 2.058000 0.392000 -1.568000
1643016100.733265 0.303516 0.305306 0.291196 2.058000 0.392000 -1.568000
1643016100.767144 0.303493 0.305235 0.291290 2.058000 0.392000 -1.568000
1643016100.799512 0.303446 0.305164 0.291385 2.058000 0.392000 -1.568000
1643016100.832102 0.303398 0.305116 0.291479 2.058000 0.294000 -1.568000
1643016100.869297 0.303375 0.305045 0.291598 2.058000 0.294000 -1.568000
1643016100.901277 0.303327 0.304998 0.291692 2.058000 0.294000 -1.568000
1643016100.934841 0.303280 0.304927 0.291810 2.058000 0.294000 -1.568000
1643016100.969581 0.303233 0.304856 0.291905 2.058000 0.294000 -1.568000
1643016101.000144 0.303185 0.304785 0.291999 2.058000 0.294000 -1.568000
1643016101.032345 0.303162 0.304738 0.292118 2.058000 0.294000 -1.568000
1643016101.065851 0.303115 0.304667 0.292212 2.058000 0.294000 -1.568000
1643016101.099134 0.303067 0.304620 0.292307 2.058000 0.294000 -1.568000
1643016101.131495 0.303044 0.304549 0.292425 2.058000 0.294000 -1.568000
1643016101.165787 0.302996 0.304502 0.292520 2.058000 0.294000 -1.568000
1643016101.199204 0.302949 0.304431 0.292638 2.058000 0.294000 -1.470000
1643016101.232480 0.302902 0.304360 0.292732 2.058000 0.294000 -1.470000
1643016101.266793 0.302855 0.304289 0.292827 2.058000 0.294000 -1.470000
1643016101.299073 0.302831 0.304242 0.292945 2.058000 0.294000 -1.470000
1643016101.339100 0.302784 0.304171 0.293040 2.156000 0.294000 -1.470000
1643016101.369891 0.302736 0.304100 0.293158 2.156000 0.294000 -1.470000
1643016101.400233 0.302713 0.304053 0.293252 2.156000 0.294000 -1.470000
1643016101.433024 0.302665 0.304005 0.293347 2.156000 0.294000 -1.470000
1643016101.466709 0.302618 0.303934 0.293442 2.156000 0.196000 -1.470000
1643016101.500128 0.302571 0.303863 0.293560 2.156000 0.196000 -1.470000
1643016101.532684 0.302547 0.303816 0.293654 2.156000 0.196000 -1.470000
1643016101.565080 0.302500 0.303745 0.293749 2.156000 0.196000 -1.470000
1643016101.598727 0.302453 0.303698 0.293843 2.058000 0.196000 -1.372000
1643016101.633873 0.302405 0.303627 0.293962 2.058000 0.196000 -1.372000
1643016101.667562 0.302382 0.303556 0.294056 2.058000 0.196000 -1.372000
1643016101.699186 0.302334 0.303509 0.294151 2.156000 0.196000 -1.372000
1643016101.732289 0.302311 0.303438 0.294269 2.156000 0.196000 -1.372000
1643016101.766608 0.302264 0.303391 0.294364 2.156000 0.196000 -1.372000
1643016101.802183 0.302216 0.303320 0.294458 2.156000 0.196000 -1.372000
1643016101.837813 0.302169 0.303272 0.294553 2.156000 0.098000 -1.372000
1643016101.868047 0.302145 0.303201 0.294647 2.156000 0.098000 -1.372000
1643016101.900290 0.302098 0.303154 0.294742 2.156000 0.098000 -1.372000
1643016101.932747 0.302074 0.303083 0.294836 2.156000 0.098000 -1.372000
1643016101.965336 0.302027 0.303036 0.294931 2.156000 0.098000 -1.274000
1643016101.999461 0.301980 0.302989 0.295025 2.156000 0.098000 -1.274000
1643016102.032918 0.301956 0.302918 0.295144 2.156000 0.098000 -1.274000
1643016102.065207 0.301909 0.302871 0.295215 2.156000 0.098000 -1.274000
1643016102.101179 0.301862 0.302800 0.295333 2.156000 0.098000 -1.274000
1643016102.131952 0.301838 0.302752 0.295404 2.156000 0.098000 -1.274000
1643016102.166393 0.301791 0.302705 0.295498 2.156000 0.098000 -1.274000
1643016102.198670 0.301767 0.302634 0.295593 2.156000 0.098000 -1.274000
1643016102.233084 0.301720 0.302587 0.295687 2.156000 0.098000 -1.274000
1643016102.266348 0.301696 0.302540 0.295782 2.156000 0.098000 -1.274000
1643016102.301691 0.301649 0.302469 0.295877 2.156000 0.098000 -1.274000
1643016102.334219 0.301625 0.302421 0.295947 2.156000 0.000000 -1.274000
1643016102.369212 0.301578 0.302374 0.296042 2.156000 0.000000 -1.274000
1643016102.398640 0.301554 0.302327 0.296113 2.156000 0.000000 -1.274000
1643016102.431914 0.301507 0.302280 0.296207 2.156000 0.000000 -1.274000
1643016102.465405 0.301483 0.302232 0.296302 2.156000 0.000000 -1.274000
1643016102.498755 0.301436 0.302161 0.296373 2.156000 0.000000 -1.274000
1643016102.533280 0.301412 0.302114 0.296468 2.156000 0.000000 -1.274000
1643016102.564640 0.301389 0.302067 0.296538 2.156000 0.000000 -1.274000
1643016102.599352 0.301342 0.302019 0.296633 2.156000 0.000000 -1.274000
1643016102.638845 0.301294 0.301972 0.296728 2.156000 0.000000 -1.274000
1643016102.665321 0.301271 0.301925 0.296799 2.156000 0.000000 -1.274000
1643016102.700649 0.301247 0.301878 0.296869 2.156000 0.000000 -1.274000
1643016102.733685 0.301223 0.301830 0.296940 2.156000 0.000000 -1.176000
1643016102.767294 0.301176 0.301783 0.297011 2.156000 0.000000 -1.176000
1643016102.799930 0.301152 0.301736 0.297106 2.156000 0.000000 -1.176000
1643016102.832327 0.301129 0.301688 0.297177 2.156000 0.000000 -1.176000
1643016102.866689 0.301105 0.301665 0.297248 2.156000 0.000000 -1.176000
1643016102.899824 0.301058 0.301618 0.297319 2.156000 0.000000 -1.176000
1643016102.933289 0.301034 0.301570 0.297390 2.156000 0.000000 -1.176000
1643016102.965801 0.301011 0.301523 0.297460 2.156000 0.000000 -1.176000
1643016102.998986 0.300987 0.301476 0.297531 2.156000 0.000000 -1.176000
1643016103.031341 0.300963 0.301452 0.297602 2.156000 0.000000 -1.176000
1643016103.065706 0.300940 0.301405 0.297673 2.156000 0.000000 -1.176000
1643016103.099186 0.300892 0.301358 0.297744 2.156000 0.000000 -1.176000
1643016103.132575 0.300869 0.301310 0.297791 2.156000 0.000000 -1.176000
1643016103.165239 0.300845 0.301287 0.297862 2.156000 0.000000 -1.176000
1643016103.198652 0.300821 0.301239 0.297933 2.156000 0.000000 -1.176000
1643016103.241094 0.300798 0.301192 0.298004 2.156000 0.000000 -1.176000
1643016103.275784 0.300774 0.301168 0.298075 2.156000 0.000000 -1.176000
1643016103.298389 0.300751 0.301145 0.298122 2.156000 0.000000 -1.176000
1643016103.332669 0.300727 0.301097 0.298170 2.156000 0.000000 -1.176000
1643016103.369771 0.300703 0.301050 0.298241 2.156000 0.000000 -1.176000
1643016103.398795 0.300680 0.301027 0.298288 2.156000 0.000000 -1.176000
1643016103.431202 0.300656 0.300979 0.298335 2.156000 0.000000 -1.176000
1643016103.464564 0.300656 0.300956 0.298406 2.156000 0.000000 -1.176000
1643016103.498556 0.300632 0.300932 0.298453 2.156000 0.000000 -1.176000
1643016103.531376 0.300609 0.300885 0.298501 2.156000 0.000000 -1.176000
1643016103.565713 0.300585 0.300861 0.298572 2.156000 0.000000 -1.176000
1643016103.598229 0.300561 0.300837 0.298619 2.156000 0.000000 -1.078000
1643016103.630435 0.300538 0.300814 0.298666 2.156000 0.000000 -1.078000
1643016103.665725 0.300514 0.300767 0.298713 2.156000 0.000000 -1.078000
1643016103.701246 0.300490 0.300743 0.298761 2.156000 0.000000 -1.078000
1643016103.732630 0.300467 0.300719 0.298808 2.156000 0.000000 -1.078000
1643016103.766003 0.300467 0.300696 0.298855 2.156000 0.000000 -1.078000
1643016103.799142 0.300443 0.300648 0.298903 2.156000 0.000000 -1.078000
1643016103.832567 0.300420 0.300625 0.298950 2.156000 0.000000 -1.078000
1643016103.865111 0.300420 0.300601 0.298973 2.156000 0.000000 -1.078000
1643016103.899406 0.300396 0.300577 0.299021 2.156000 0.000000 -1.078000
1643016103.932746 0.300372 0.300554 0.299068 2.156000 0.000000 -1.078000
1643016103.965919 0.300349 0.300530 0.299092 2.156000 0.000000 -1.078000
1643016104.006769 0.300349 0.300530 0.299139 2.156000 0.000000 -1.078000
1643016104.036026 0.300325 0.300506 0.299186 2.156000 0.000000 -1.078000
1643016104.070065 0.300325 0.300483 0.299210 2.156000 0.000000 -1.078000
1643016104.101432 0.300301 0.300459 0.299257 2.156000 0.000000 -1.078000
1643016104.134064 0.300278 0.300436 0.299281 2.156000 0.000000 -1.078000
1643016104.166175 0.300278 0.300412 0.299328 2.156000 0.000000 -1.078000
1643016104.199584 0.300254 0.300388 0.299352 2.156000 0.000000 -1.078000
1643016104.232117 0.300254 0.300365 0.299375 2.156000 0.000000 -1.078000
1643016104.265144 0.300230 0.300365 0.299399 2.156000 0.000000 -1.078000
1643016104.298542 0.300230 0.300341 0.299446 2.156000 0.000000 -1.078000
1643016104.332743 0.300207 0.300317 0.299470 2.156000 0.000000 -1.078000
1643016104.366232 0.300207 0.300317 0.299494 2.156000 0.000000 -1.078000
1643016104.398457 0.300183 0.300294 0.299517 2.156000 0.000000 -1.078000
1643016104.433042 0.300183 0.300270 0.299541 2.156000 0.000000 -1.078000
1643016104.468556 0.300183 0.300270 0.299564 2.156000 0.000000 -1.078000
1643016104.502826 0.300159 0.300246 0.299588 2.156000 0.000000 -1.078000
1643016104.535141 0.300159 0.300246 0.299612 2.156000 0.000000 -1.078000
1643016104.565846 0.300136 0.300223 0.299635 2.156000 0.000000 -1.078000
1643016104.598799 0.300136 0.300223 0.299635 2.156000 0.000000 -1.078000
1643016104.633218 0.300136 0.300199 0.299659 2.156000 0.000000 -1.078000
1643016104.664426 0.300112 0.300175 0.299683 2.156000 0.000000 -1.078000
1643016104.699672 0.300112 0.300175 0.299706 2.156000 0.000000 -1.078000
1643016104.732027 0.300112 0.300175 0.299730 2.156000 0.000000 -1.078000
1643016104.765045 0.300112 0.300152 0.299730 2.156000 0.000000 -0.980000
1643016104.799712 0.300089 0.300152 0.299754 2.156000 0.000000 -0.980000
1643016104.833064 0.300089 0.300128 0.299777 2.156000 0.000000 -0.980000
1643016104.865528 0.300089 0.300128 0.299777 2.156000 0.000000 -0.980000
1643016104.901318 0.300089 0.300128 0.299801 2.156000 0.000000 -0.980000
1643016104.935141 0.300065 0.300105 0.299801 2.156000 0.000000 -0.980000
1643016104.968149 0.300065 0.300105 0.299825 2.156000 0.000000 -0.980000
1643016105.003758 0.300065 0.300105 0.299825 2.156000 0.000000 -0.980000
1643016105.031303 0.300065 0.300105 0.299848 2.156000 0.000000 -0.980000
1643016105.066710 0.300065 0.300081 0.299848 2.156000 0.000000 -0.980000
1643016105.099348 0.300065 0.300081 0.299872 2.156000 0.000000 -0.980000
1643016105.133827 0.300041 0.300081 0.299872 2.156000 0.000000 -0.980000
1643016105.165115 0.300041 0.300081 0.299872 2.156000 0.000000 -0.980000
1643016105.198201 0.300041 0.300057 0.299895 2.156000 0.000000 -0.980000
1643016105.232230 0.300041 0.300057 0.299895 2.156000 0.000000 -0.980000
1643016105.264795 0.300041 0.300057 0.299895 2.156000 0.000000 -0.980000
1643016105.299036 0.300041 0.300057 0.299895 2.156000 0.000000 -0.980000
1643016105.332365 0.300041 0.300057 0.299919 2.156000 0.000000 -0.980000
1643016105.368306 0.300041 0.300057 0.299919 2.156000 0.000000 -0.980000
1643016105.405035 0.300018 0.300057 0.299919 2.156000 0.000000 -0.980000
1643016105.435725 0.300018 0.300034 0.299919 2.156000 0.000000 -0.980000
1643016105.465310 0.300018 0.300034 0.299919 2.156000 0.000000 -0.980000
1643016105.499642 0.300018 0.300034 0.299919 2.254000 0.000000 -0.980000
1643016105.531915 0.300018 0.300034 0.299943 2.254000 0.000000 -0.980000
1643016105.566179 0.300018 0.300034 0.299943 2.254000 0.000000 -0.980000
1643016105.599492 0.300041 0.300034 0.299943 2.254000 0.000000 -0.980000
1643016105.632960 0.300041 0.300034 0.299943 2.156000 0.000000 -0.980000
1643016105.665266 0.300018 0.300034 0.299943 2.156000 0.000000 -0.980000
1643016105.702640 0.300018 0.300034 0.299943 2.156000 0.000000 -0.980000
1643016105.732463 0.300018 0.300034 0.299943 2.156000 0.000000 -0.980000
1643016105.765006 0.300018 0.300034 0.299943 2.254000 0.000000 -0.980000
1643016105.799458 0.300018 0.300034 0.299943 2.254000 0.000000 -0.980000
1643016105.833592 0.300041 0.300034 0.299943 2.254000 0.000000 -0.980000
1643016105.866088 0.300041 0.300034 0.299943 2.254000 0.000000 -0.980000
1643016105.899547 0.300041 0.300034 0.299943 2.254000 0.000000 -0.980000
1643016105.934828 0.300018 0.300057 0.299943 2.254000 0.000000 -0.980000
1643016105.964370 0.300018 0.300057 0.299943 2.254000 0.000000 -0.980000
1643016105.999683 0.300018 0.300034 0.299943 2.254000 0.000000 -0.980000
1643016106.032269 0.300018 0.300034 0.299943 2.156000 0.000000 -0.980000
1643016106.065515 0.300018 0.300034 0.299943 2.156000 0.000000 -0.980000
