1643016164.289040 0.299994 0.300010 0.300014 0.000000 0.000000 nan
1643016164.321030 0.299994 0.300010 0.300014 0.000000 0.000000 nan
1643016164.354507 0.299994 0.300010 0.300014 0.000000 0.000000 nan
1643016164.388778 0.299994 0.300010 0.300014 0.000000 0.000000 nan
1643016164.420232 0.299994 0.300010 0.300014 0.000000 0.000000 nan
1643016164.454561 0.299994 0.300010 0.300014 0.000000 0.000000 nan
1643016164.489097 0.299994 0.300010 0.300014 0.000000 0.000000 nan
1643016164.531092 0.299994 0.300010 0.300014 2.156000 0.000000 -0.980000
1643016164.560773 0.299994 0.300010 0.300014 2.156000 0.000000 -0.980000
1643016164.562983 0.299994 0.300010 0.300014 2.156000 0.000000 -0.980000
1643016167.280802 0.299994 0.300010 0.300014 nan 0.000000 0.500000
1643016167.314684 0.299994 0.300010 0.300014 nan 0.000000 0.500000
1643016167.351464 0.299994 0.300010 0.300014 nan 0.000000 0.500000
1643016167.389467 0.299994 0.300010 0.300014 nan 0.000000 0.500000
1643016167.416069 0.299994 0.300010 0.300014 nan 0.000000 0.500000
1643016167.451834 0.299994 0.300010 0.300014 2.156000 0.000000 -0.980000
1643016167.480733 0.299994 0.300010 0.300014 2.156000 0.000000 -0.980000
1643016167.514077 0.299994 0.300010 0.300014 2.156000 0.000000 -0.980000
1643016167.545493 0.299994 0.300010 0.300014 2.156000 0.000000 -0.980000
1643016167.581286 0.299994 0.300010 0.300014 2.156000 0.000000 -0.980000
1643016167.613211 0.299994 0.300010 0.300014 2.156000 0.000000 -0.980000
1643016167.645661 0.299994 0.300010 0.300014 2.156000 0.000000 -0.980000
1643016167.680809 0.299994 0.300010 0.300014 2.156000 0.000000 -0.980000
1643016167.713383 0.299994 0.300010 0.300014 2.156000 0.000000 -0.980000
1643016167.746700 0.299994 0.300010 0.300014 2.156000 0.000000 -0.980000
1643016167.780239 0.299994 0.300010 0.300014 2.156000 0.000000 -0.980000
1643016167.813628 0.299994 0.300010 0.300014 2.156000 0.000000 -0.980000
1643016167.849910 0.300018 0.300010 0.300014 2.156000 0.000000 -0.980000
1643016167.881494 0.300018 0.300010 0.300014 2.156000 0.000000 -0.980000
1643016167.914322 0.300018 0.300010 0.299990 2.156000 0.000000 -0.980000
1643016167.946322 0.300018 0.300010 0.299990 2.156000 0.000000 -0.980000
1643016167.979477 0.300041 0.300010 0.299990 2.156000 0.000000 -0.980000
1643016168.012865 0.300041 0.299986 0.299990 2.156000 0.000000 -0.980000
1643016168.047368 0.300041 0.299986 0.299990 2.156000 0.000000 -0.980000
1643016168.080679 0.300041 0.299986 0.299967 2.156000 0.000000 -0.980000
1643016168.113871 0.300041 0.299986 0.299967 2.156000 0.000000 -0.980000
1643016168.146127 0.300065 0.299986 0.299967 2.156000 0.000000 -0.980000
1643016168.179783 0.300065 0.299986 0.299967 2.156000 0.000000 -0.980000
1643016168.213518 0.300089 0.299986 0.299967 2.156000 0.000000 -0.980000
1643016168.247079 0.300089 0.299986 0.299943 2.156000 0.000000 -0.980000
1643016168.279620 0.300089 0.299963 0.299943 2.156000 0.000000 -0.980000
1643016168.321819 0.300112 0.299963 0.299943 2.156000 0.000000 -1.078000
1643016168.350780 0.300112 0.299963 0.299943 2.156000 0.000000 -1.078000
1643016168.381948 0.300136 0.299963 0.299919 2.156000 0.000000 -1.078000
1643016168.413606 0.300136 0.299963 0.299919 2.156000 0.000000 -1.078000
1643016168.448830 0.300159 0.299963 0.299919 2.156000 0.000000 -1.078000
1643016168.480452 0.300159 0.299939 0.299896 2.156000 0.000000 -1.078000
1643016168.514312 0.300183 0.299939 0.299896 2.156000 0.000000 -1.078000
1643016168.547637 0.300183 0.299939 0.299872 2.156000 0.000000 -1.078000
1643016168.580658 0.300207 0.299939 0.299872 2.156000 0.000000 -1.078000
1643016168.612506 0.300230 0.299915 0.299849 2.156000 0.000000 -1.078000
1643016168.647184 0.300254 0.299915 0.299849 2.156000 0.000000 -1.078000
1643016168.679432 0.300254 0.299915 0.299849 2.156000 0.000000 -1.078000
1643016168.712927 0.300278 0.299915 0.299825 2.156000 0.000000 -1.078000
1643016168.746753 0.300301 0.299892 0.299801 2.156000 0.000000 -1.078000
1643016168.785003 0.300325 0.299892 0.299801 2.156000 0.000000 -1.078000
1643016168.824745 0.300349 0.299892 0.299778 2.156000 0.000000 -0.980000
1643016168.848836 0.300372 0.299868 0.299778 2.156000 0.000000 -0.980000
1643016168.880142 0.300396 0.299868 0.299754 2.156000 0.000000 -0.980000
1643016168.913839 0.300420 0.299868 0.299730 2.156000 0.000000 -0.980000
1643016168.946974 0.300443 0.299845 0.299707 2.156000 0.000000 -1.078000
1643016168.981342 0.300490 0.299845 0.299707 2.156000 0.000000 -1.078000
1643016169.012290 0.300514 0.299845 0.299683 2.156000 0.000000 -1.078000
1643016169.045595 0.300538 0.299821 0.299659 2.156000 0.000000 -1.078000
1643016169.079119 0.300561 0.299821 0.299636 2.156000 0.000000 -1.078000
1643016169.113156 0.300585 0.299797 0.299636 2.156000 0.000000 -1.078000
1643016169.145615 0.300632 0.299797 0.299612 2.156000 0.000000 -1.078000
1643016169.191042 0.300656 0.299774 0.299588 2.156000 -0.098000 -1.078000
1643016169.213234 0.300680 0.299774 0.299565 2.156000 -0.098000 -1.078000
1643016169.246304 0.300727 0.299750 0.299541 2.156000 -0.098000 -1.078000
1643016169.282477 0.300751 0.299750 0.299518 2.156000 -0.098000 -1.078000
1643016169.321651 0.300798 0.299726 0.299470 2.156000 -0.098000 -1.078000
1643016169.351737 0.300845 0.299726 0.299470 2.156000 -0.098000 -1.078000
1643016169.381201 0.300869 0.299703 0.299447 2.156000 -0.098000 -1.078000
1643016169.413430 0.300916 0.299679 0.299399 2.156000 -0.098000 -1.078000
1643016169.446517 0.300940 0.299679 0.299376 2.156000 -0.098000 -1.078000
1643016169.480131 0.300987 0.299655 0.299352 2.156000 -0.098000 -1.078000
1643016169.513620 0.301034 0.299655 0.299328 2.156000 -0.098000 -1.078000
1643016169.546284 0.301081 0.299632 0.299305 2.156000 -0.098000 -1.078000
1643016169.579924 0.301129 0.299608 0.299281 2.058000 -0.098000 -1.078000
1643016169.612073 0.301176 0.299608 0.299234 2.058000 -0.098000 -1.078000
1643016169.646781 0.301223 0.299584 0.299210 2.058000 -0.098000 -1.078000
1643016169.679348 0.301271 0.299561 0.299187 2.156000 -0.098000 -1.078000
1643016169.712507 0.301318 0.299561 0.299139 2.156000 -0.098000 -1.078000
1643016169.751217 0.301389 0.299537 0.299116 2.156000 -0.098000 -1.078000
1643016169.781174 0.301436 0.299514 0.299068 2.156000 -0.098000 -1.078000
1643016169.823787 0.301483 0.299490 0.299045 2.156000 -0.098000 -1.078000
1643016169.848778 0.301531 0.299490 0.298997 2.156000 -0.098000 -1.078000
1643016169.880734 0.301578 0.299466 0.298974 2.156000 -0.098000 -1.078000
1643016169.914069 0.301649 0.299443 0.298927 2.156000 -0.098000 -1.078000
1643016169.947098 0.301696 0.299419 0.298903 2.156000 -0.098000 -1.176000
1643016169.980329 0.301767 0.299395 0.298856 2.156000 -0.098000 -1.176000
1643016170.012955 0.301814 0.299372 0.298832 2.156000 -0.098000 -1.176000
1643016170.046389 0.301885 0.299348 0.298785 2.156000 -0.098000 -1.176000
1643016170.079934 0.301933 0.299348 0.298737 2.058000 -0.098000 -1.176000
1643016170.115251 0.302003 0.299324 0.298690 2.058000 -0.098000 -1.176000
1643016170.145955 0.302051 0.299301 0.298666 2.058000 -0.098000 -1.176000
1643016170.188202 0.302122 0.299277 0.298619 2.058000 -0.098000 -1.176000
1643016170.218481 0.302193 0.299253 0.298572 2.058000 -0.098000 -1.176000
1643016170.247955 0.302264 0.299230 0.298525 2.058000 -0.098000 -1.176000
1643016170.281773 0.302334 0.299206 0.298477 2.058000 -0.098000 -1.176000
1643016170.312789 0.302405 0.299159 0.298454 2.058000 -0.098000 -1.176000
1643016170.347810 0.302476 0.299135 0.298406 2.058000 -0.098000 -1.176000
1643016170.380224 0.302547 0.299112 0.298359 2.058000 -0.098000 -1.176000
1643016170.412939 0.302618 0.299088 0.298312 2.058000 -0.098000 -1.176000
1643016170.445459 0.302689 0.299088 0.298265 2.058000 -0.098000 -1.176000
1643016170.481489 0.302760 0.299041 0.298194 2.058000 -0.098000 -1.176000
1643016170.514314 0.302831 0.299017 0.298146 2.058000 -0.098000 -1.176000
1643016170.545979 0.302902 0.298993 0.298099 2.058000 -0.098000 -1.176000
1643016170.580538 0.302996 0.298970 0.298052 2.058000 -0.098000 -1.176000
1643016170.617004 0.303067 0.298946 0.298005 2.058000 -0.098000 -1.176000
1643016170.652445 0.303138 0.298923 0.297957 2.058000 -0.098000 -1.176000
1643016170.686144 0.303233 0.298899 0.297886 2.058000 -0.098000 -1.176000
1643016170.719583 0.303327 0.298852 0.297839 2.058000 -0.098000 -1.176000
1643016170.745934 0.303375 0.298828 0.297792 2.058000 -0.098000 -1.176000
1643016170.780273 0.303469 0.298804 0.297744 2.058000 -0.098000 -1.176000
1643016170.813692 0.303540 0.298781 0.297674 2.058000 -0.098000 -1.176000
1643016170.847158 0.303635 0.298757 0.297626 2.058000 -0.196000 -1.176000
1643016170.879322 0.303706 0.298710 0.297579 2.058000 -0.196000 -1.176000
1643016170.914107 0.303800 0.298686 0.297508 2.058000 -0.196000 -1.176000
1643016170.946583 0.303871 0.298662 0.297461 2.058000 -0.196000 -1.176000
1643016170.981964 0.303966 0.298639 0.297414 2.058000 -0.196000 -1.176000
1643016171.014405 0.304060 0.298592 0.297343 2.058000 -0.196000 -1.176000
1643016171.048957 0.304155 0.298568 0.297295 2.058000 -0.196000 -1.176000
1643016171.079551 0.304249 0.298544 0.297224 2.058000 -0.196000 -1.176000
1643016171.116426 0.304344 0.298497 0.297177 2.058000 -0.196000 -1.176000
1643016171.149206 0.304438 0.298473 0.297106 2.058000 -0.196000 -1.176000
1643016171.182511 0.304509 0.298426 0.297059 2.058000 -0.196000 -1.176000
1643016171.216267 0.304604 0.298402 0.296988 2.058000 -0.196000 -1.274000
1643016171.246533 0.304698 0.298379 0.296941 2.058000 -0.196000 -1.274000
1643016171.281214 0.304793 0.298332 0.296870 2.058000 -0.196000 -1.274000
1643016171.314049 0.304888 0.298308 0.296823 2.058000 -0.196000 -1.274000
1643016171.345631 0.304982 0.298284 0.296752 1.960000 -0.196000 -1.274000
1643016171.379985 0.305077 0.298237 0.296681 1.960000 -0.196000 -1.274000
1643016171.412350 0.305171 0.298213 0.296633 1.960000 -0.196000 -1.274000
1643016171.447100 0.305266 0.298190 0.296562 1.960000 -0.196000 -1.274000
1643016171.480704 0.305360 0.298142 0.296492 1.960000 -0.196000 -1.274000
1643016171.512900 0.305479 0.298119 0.296444 1.960000 -0.196000 -1.274000
1643016171.547527 0.305573 0.298071 0.296373 1.960000 -0.196000 -1.274000
1643016171.579255 0.305668 0.298048 0.296302 1.960000 -0.196000 -1.274000
1643016171.614948 0.305762 0.298001 0.296231 1.960000 -0.196000 -1.274000
1643016171.649843 0.305881 0.297977 0.296161 1.960000 -0.196000 -1.274000
1643016171.681226 0.305975 0.297930 0.296113 1.960000 -0.196000 -1.274000
1643016171.716204 0.306070 0.297906 0.296042 1.960000 -0.196000 -1.274000
1643016171.745324 0.306164 0.297882 0.295971 1.960000 -0.196000 -1.274000
1643016171.781136 0.306259 0.297835 0.295924 1.960000 -0.196000 -1.274000
1643016171.813086 0.306353 0.297811 0.295853 1.960000 -0.196000 -1.274000
1643016171.847727 0.306472 0.297764 0.295782 1.960000 -0.294000 -1.274000
1643016171.880247 0.306566 0.297740 0.295711 1.960000 -0.294000 -1.274000
1643016171.912654 0.306661 0.297693 0.295640 1.960000 -0.294000 -1.274000
1643016171.946167 0.306779 0.297670 0.295570 1.960000 -0.294000 -1.274000
1643016171.980812 0.306873 0.297622 0.295522 1.862000 -0.294000 -1.274000
1643016172.013118 0.306968 0.297599 0.295451 1.862000 -0.294000 -1.274000
1643016172.045827 0.307086 0.297551 0.295380 1.862000 -0.294000 -1.274000
1643016172.083841 0.307181 0.297528 0.295310 1.862000 -0.294000 -1.372000
1643016172.118495 0.307299 0.297480 0.295239 1.862000 -0.294000 -1.372000
1643016172.149347 0.307394 0.297433 0.295168 1.862000 -0.294000 -1.372000
1643016172.179649 0.307488 0.297410 0.295097 1.862000 -0.294000 -1.372000
1643016172.212235 0.307583 0.297386 0.295049 1.862000 -0.294000 -1.372000
1643016172.246623 0.307701 0.297339 0.294979 1.862000 -0.294000 -1.372000
1643016172.280003 0.307795 0.297315 0.294908 1.862000 -0.294000 -1.372000
1643016172.313307 0.307914 0.297268 0.294837 1.862000 -0.294000 -1.372000
1643016172.346840 0.308008 0.297220 0.294766 1.862000 -0.294000 -1.372000
1643016172.380651 0.308103 0.297197 0.294695 1.862000 -0.294000 -1.372000
1643016172.412380 0.308221 0.297173 0.294648 1.862000 -0.294000 -1.372000
1643016172.445773 0.308316 0.297126 0.294577 1.862000 -0.294000 -1.372000
1643016172.479284 0.308410 0.297102 0.294506 1.764000 -0.294000 -1.372000
1643016172.513764 0.308528 0.297055 0.294435 1.764000 -0.294000 -1.372000
1643016172.550208 0.308623 0.297008 0.294364 1.764000 -0.294000 -1.372000
1643016172.583050 0.308741 0.296984 0.294293 1.764000 -0.294000 -1.372000
1643016172.624203 0.308859 0.296937 0.294222 1.764000 -0.392000 -1.372000
1643016172.646008 0.308930 0.296913 0.294175 1.764000 -0.392000 -1.372000
1643016172.680606 0.309025 0.296866 0.294104 1.764000 -0.392000 -1.372000
1643016172.713763 0.309143 0.296842 0.294033 1.764000 -0.392000 -1.372000
1643016172.748273 0.309237 0.296819 0.293962 1.764000 -0.392000 -1.372000
1643016172.780859 0.309332 0.296771 0.293915 1.764000 -0.392000 -1.372000
1643016172.813781 0.309427 0.296748 0.293844 1.764000 -0.392000 -1.372000
1643016172.847083 0.309521 0.296700 0.293773 1.764000 -0.392000 -1.470000
1643016172.880352 0.309639 0.296677 0.293702 1.764000 -0.392000 -1.470000
1643016172.912718 0.309734 0.296629 0.293655 1.764000 -0.392000 -1.470000
1643016172.947177 0.309829 0.296606 0.293584 1.764000 -0.392000 -1.470000
1643016172.979872 0.309923 0.296558 0.293513 1.764000 -0.392000 -1.470000
1643016173.014010 0.310018 0.296535 0.293442 1.764000 -0.392000 -1.470000
1643016173.046538 0.310112 0.296488 0.293395 1.764000 -0.392000 -1.470000
1643016173.080662 0.310207 0.296464 0.293324 1.764000 -0.392000 -1.470000
1643016173.122104 0.310349 0.296417 0.293253 1.666000 -0.490000 -1.470000
1643016173.146655 0.310420 0.296393 0.293205 1.666000 -0.490000 -1.470000
1643016173.179925 0.310514 0.296369 0.293135 1.666000 -0.490000 -1.470000
1643016173.212353 0.310585 0.296346 0.293064 1.666000 -0.490000 -1.470000
1643016173.247274 0.310680 0.296298 0.293016 1.666000 -0.490000 -1.470000
1643016173.278780 0.310774 0.296275 0.292945 1.666000 -0.490000 -1.470000
1643016173.313138 0.310869 0.296227 0.292898 1.666000 -0.490000 -1.470000
1643016173.347084 0.310963 0.296204 0.292827 1.666000 -0.490000 -1.568000
1643016173.380926 0.311058 0.296180 0.292780 1.666000 -0.490000 -1.568000
1643016173.412346 0.311152 0.296157 0.292709 1.666000 -0.490000 -1.568000
1643016173.447809 0.311247 0.296109 0.292662 1.666000 -0.490000 -1.568000
1643016173.478512 0.311318 0.296086 0.292591 1.666000 -0.490000 -1.568000
1643016173.512659 0.311412 0.296062 0.292544 1.666000 -0.490000 -1.568000
1643016173.546117 0.311507 0.296015 0.292473 1.666000 -0.490000 -1.568000
1643016173.581789 0.311578 0.295991 0.292425 1.666000 -0.490000 -1.568000
1643016173.622144 0.311696 0.295944 0.292354 1.666000 -0.588000 -1.568000
1643016173.648792 0.311767 0.295920 0.292307 1.666000 -0.588000 -1.568000
1643016173.680605 0.311838 0.295897 0.292260 1.666000 -0.588000 -1.568000
1643016173.713974 0.311933 0.295873 0.292213 1.666000 -0.588000 -1.568000
1643016173.746617 0.312003 0.295849 0.292142 1.666000 -0.588000 -1.568000
1643016173.780662 0.312074 0.295826 0.292094 1.666000 -0.588000 -1.568000
1643016173.814080 0.312169 0.295802 0.292047 1.666000 -0.588000 -1.568000
1643016173.846459 0.312240 0.295778 0.292000 1.666000 -0.588000 -1.568000
1643016173.880039 0.312334 0.295731 0.291929 1.666000 -0.588000 -1.568000
1643016173.912043 0.312405 0.295707 0.291882 1.666000 -0.588000 -1.568000
1643016173.945428 0.312476 0.295684 0.291834 1.666000 -0.588000 -1.568000
1643016173.991539 0.312547 0.295660 0.291787 1.666000 -0.588000 -1.568000
1643016174.016529 0.312618 0.295636 0.291740 1.666000 -0.588000 -1.568000
1643016174.051964 0.312713 0.295589 0.291692 1.666000 -0.588000 -1.568000
1643016174.081648 0.312784 0.295589 0.291645 1.666000 -0.588000 -1.568000
1643016174.115670 0.312855 0.295542 0.291598 1.666000 -0.588000 -1.666000
1643016174.145562 0.312902 0.295518 0.291551 1.666000 -0.588000 -1.666000
1643016174.180060 0.312973 0.295495 0.291503 1.666000 -0.588000 -1.666000
1643016174.213406 0.313044 0.295495 0.291480 1.666000 -0.588000 -1.666000
1643016174.246902 0.313115 0.295471 0.291432 1.666000 -0.588000 -1.568000
1643016174.281618 0.313185 0.295447 0.291385 1.666000 -0.588000 -1.568000
1643016174.312232 0.313256 0.295424 0.291338 1.666000 -0.588000 -1.568000
1643016174.347426 0.313327 0.295400 0.291291 1.666000 -0.588000 -1.568000
1643016174.380126 0.313375 0.295376 0.291243 1.764000 -0.588000 -1.666000
1643016174.413378 0.313446 0.295353 0.291220 1.764000 -0.588000 -1.666000
1643016174.451567 0.313516 0.295329 0.291172 1.764000 -0.588000 -1.666000
1643016174.483606 0.313564 0.295306 0.291125 1.862000 -0.588000 -1.666000
1643016174.519259 0.313635 0.295282 0.291078 1.862000 -0.588000 -1.666000
1643016174.548594 0.313682 0.295258 0.291054 1.862000 -0.588000 -1.666000
1643016174.580941 0.313753 0.295235 0.291007 1.862000 -0.588000 -1.666000
1643016174.613106 0.313800 0.295235 0.290983 1.862000 -0.588000 -1.666000
1643016174.646264 0.313847 0.295211 0.290936 1.862000 -0.588000 -1.666000
1643016174.679640 0.313895 0.295187 0.290912 1.862000 -0.588000 -1.666000
1643016174.713125 0.313966 0.295164 0.290865 1.862000 -0.588000 -1.666000
1643016174.746686 0.314013 0.295164 0.290841 1.862000 -0.588000 -1.666000
1643016174.781044 0.314060 0.295140 0.290818 1.862000 -0.588000 -1.666000
1643016174.813600 0.314107 0.295116 0.290771 1.862000 -0.588000 -1.666000
1643016174.847244 0.314155 0.295116 0.290747 1.862000 -0.588000 -1.666000
1643016174.879341 0.314202 0.295093 0.290723 1.862000 -0.588000 -1.666000
1643016174.912679 0.314249 0.295069 0.290676 1.862000 -0.588000 -1.666000
1643016174.949369 0.314297 0.295045 0.290652 1.862000 -0.588000 -1.666000
1643016174.981452 0.314344 0.295045 0.290629 1.862000 -0.588000 -1.666000
1643016175.019895 0.314391 0.295022 0.290581 1.862000 -0.686000 -1.666000
1643016175.046423 0.314415 0.295022 0.290558 1.862000 -0.686000 -1.666000
1643016175.083176 0.314462 0.294998 0.290534 1.862000 -0.686000 -1.666000
1643016175.112715 0.314509 0.294975 0.290510 1.862000 -0.686000 -1.666000
1643016175.148567 0.314533 0.294975 0.290487 1.862000 -0.686000 -1.666000
1643016175.179658 0.314580 0.294951 0.290463 1.862000 -0.686000 -1.666000
1643016175.215199 0.314604 0.294951 0.290440 1.862000 -0.686000 -1.666000
1643016175.246862 0.314651 0.294927 0.290416 1.862000 -0.686000 -1.666000
1643016175.279503 0.314675 0.294927 0.290392 1.862000 -0.686000 -1.666000
1643016175.312802 0.314722 0.294904 0.290369 1.862000 -0.686000 -1.666000
1643016175.346177 0.314746 0.294904 0.290345 1.862000 -0.686000 -1.666000
1643016175.378795 0.314793 0.294880 0.290345 1.862000 -0.686000 -1.666000
1643016175.413269 0.314817 0.294880 0.290321 1.862000 -0.686000 -1.666000
1643016175.456770 0.314840 0.294856 0.290298 1.862000 -0.686000 -1.666000
1643016175.485336 0.314888 0.294856 0.290274 1.862000 -0.686000 -1.666000
1643016175.518823 0.314911 0.294833 0.290250 1.862000 -0.686000 -1.764000
1643016175.545202 0.314935 0.294833 0.290250 1.862000 -0.686000 -1.764000
1643016175.580601 0.314959 0.294833 0.290227 1.862000 -0.686000 -1.764000
1643016175.612880 0.314982 0.294809 0.290203 1.862000 -0.686000 -1.764000
1643016175.646400 0.315006 0.294809 0.290179 1.960000 -0.686000 -1.764000
1643016175.680868 0.315029 0.294809 0.290179 1.960000 -0.686000 -1.764000
1643016175.714257 0.315053 0.294785 0.290156 1.960000 -0.686000 -1.764000
1643016175.746902 0.315053 0.294785 0.290156 1.960000 -0.686000 -1.764000
1643016175.779463 0.315077 0.294785 0.290132 1.960000 -0.686000 -1.764000
1643016175.815101 0.315100 0.294762 0.290132 1.960000 -0.686000 -1.764000
1643016175.846294 0.315124 0.294762 0.290109 1.960000 -0.686000 -1.764000
1643016175.888779 0.315148 0.294762 0.290085 1.960000 -0.686000 -1.764000
1643016175.921927 0.315148 0.294762 0.290085 1.960000 -0.686000 -1.764000
1643016175.951688 0.315171 0.294738 0.290061 1.960000 -0.686000 -1.764000
1643016175.981500 0.315195 0.294738 0.290061 1.960000 -0.686000 -1.764000
1643016176.020299 0.315195 0.294738 0.290061 1.960000 -0.686000 -1.764000
1643016176.046649 0.315219 0.294738 0.290038 1.960000 -0.686000 -1.764000
1643016176.079985 0.315242 0.294714 0.290038 1.960000 -0.686000 -1.764000
1643016176.113656 0.315242 0.294714 0.290038 1.960000 -0.686000 -1.764000
1643016176.147039 0.315266 0.294714 0.290014 1.960000 -0.784000 -1.764000
1643016176.181204 0.315266 0.294714 0.290014 1.960000 -0.784000 -1.764000
1643016176.214337 0.315290 0.294714 0.290014 1.960000 -0.784000 -1.764000
1643016176.246878 0.315290 0.294714 0.289990 1.960000 -0.784000 -1.764000
1643016176.280469 0.315290 0.294714 0.289990 1.960000 -0.784000 -1.764000
1643016176.314542 0.315313 0.294691 0.289990 1.960000 -0.784000 -1.764000
1643016176.346205 0.315313 0.294691 0.289990 1.960000 -0.784000 -1.764000
1643016176.379547 0.315313 0.294691 0.289990 1.960000 -0.784000 -1.764000
1643016176.417727 0.315337 0.294691 0.289967 1.960000 -0.784000 -1.764000
1643016176.448900 0.315337 0.294691 0.289967 1.960000 -0.784000 -1.764000
1643016176.481801 0.315337 0.294691 0.289967 1.960000 -0.784000 -1.764000
1643016176.515779 0.315337 0.294691 0.289967 1.960000 -0.784000 -1.764000
1643016176.546117 0.315360 0.294691 0.289967 1.960000 -0.784000 -1.764000
1643016176.579639 0.315360 0.294691 0.289967 1.960000 -0.784000 -1.764000
1643016176.612821 0.315360 0.294691 0.289943 1.960000 -0.784000 -1.764000
1643016176.647214 0.315360 0.294691 0.289943 1.960000 -0.784000 -1.764000
1643016176.681828 0.315360 0.294691 0.289943 1.960000 -0.784000 -1.764000
1643016176.712798 0.315360 0.294691 0.289943 1.960000 -0.784000 -1.764000
1643016176.746394 0.315360 0.294691 0.289943 1.960000 -0.784000 -1.764000
1643016176.779634 0.315360 0.294691 0.289943 1.960000 -0.784000 -1.764000
1643016176.812945 0.315384 0.294691 0.289943 1.960000 -0.784000 -1.764000
1643016176.847352 0.315384 0.294667 0.289943 1.960000 -0.784000 -1.764000
1643016176.886431 0.315384 0.294667 0.289943 1.960000 -0.784000 -1.764000
1643016176.918046 0.315384 0.294667 0.289943 2.058000 -0.784000 -1.764000
1643016176.951053 0.315384 0.294667 0.289943 2.058000 -0.784000 -1.764000
1643016176.980585 0.315384 0.294691 0.289943 2.058000 -0.784000 -1.764000
1643016177.013096 0.315384 0.294691 0.289943 2.058000 -0.784000 -1.764000
1643016177.047532 0.315360 0.294691 0.289943 2.058000 -0.784000 -1.764000
1643016177.078806 0.315360 0.294691 0.289943 2.058000 -0.784000 -1.764000
1643016177.118557 0.315360 0.294667 0.289943 2.058000 -0.784000 -1.764000
1643016177.145264 0.315384 0.294667 0.289943 2.058000 -0.784000 -1.764000
1643016177.180273 0.315384 0.294667 0.289943 1.960000 -0.784000 -1.764000
1643016177.212473 0.315384 0.294667 0.289943 1.960000 -0.784000 -1.764000
1643016177.247049 0.315384 0.294691 0.289943 1.960000 -0.784000 -1.764000
1643016177.284604 0.315384 0.294691 0.289943 2.058000 -0.784000 -1.764000
1643016177.320774 0.315384 0.294691 0.289943 2.058000 -0.784000 -1.764000
1643016177.356829 0.315384 0.294691 0.289943 2.058000 -0.784000 -1.764000
1643016177.387172 0.315384 0.294691 0.289943 2.058000 -0.784000 -1.764000
1643016177.421866 0.315384 0.294691 0.289943 2.058000 -0.784000 -1.764000
1643016177.450089 0.315384 0.294691 0.289943 2.058000 -0.784000 -1.764000
1643016177.482919 0.315384 0.294691 0.289943 2.058000 -0.784000 -1.764000
1643016177.516089 0.315384 0.294691 0.289943 2.058000 -0.784000 -1.764000
1643016177.550559 0.315360 0.294691 0.289943 1.960000 -0.784000 -1.764000
1643016177.583978 0.315360 0.294691 0.289943 1.960000 -0.784000 -1.764000
1643016177.616492 0.315384 0.294691 0.289943 1.960000 -0.784000 -1.764000
1643016177.649161 0.315384 0.294691 0.289967 1.960000 -0.784000 -1.764000
1643016177.682759 0.315384 0.294691 0.289967 2.058000 -0.784000 -1.764000
1643016177.717108 0.315384 0.294691 0.289967 2.058000 -0.784000 -1.764000
1643016177.748525 0.315360 0.294691 0.289943 2.058000 -0.784000 -1.764000
1643016177.782352 0.315360 0.294691 0.289943 2.058000 -0.784000 -1.764000
1643016177.818094 0.315360 0.294691 0.289943 2.058000 -0.784000 -1.764000
1643016177.851452 0.315360 0.294691 0.289943 2.058000 -0.784000 -1.764000
1643016177.882525 0.315360 0.294691 0.289967 2.058000 -0.784000 -1.764000
1643016177.916717 0.315360 0.294691 0.289967 2.058000 -0.784000 -1.764000
1643016177.950629 0.315360 0.294691 0.289967 2.058000 -0.784000 -1.764000
1643016177.984629 0.315360 0.294714 0.289967 2.058000 -0.784000 -1.764000
1643016178.017076 0.315337 0.294714 0.289967 2.058000 -0.784000 -1.764000
1643016178.049888 0.315337 0.294714 0.289967 2.058000 -0.686000 -1.764000
1643016178.082143 0.315337 0.294714 0.289967 2.058000 -0.686000 -1.764000
1643016178.117703 0.315313 0.294714 0.289990 2.058000 -0.686000 -1.764000
1643016178.150194 0.315313 0.294714 0.289990 2.058000 -0.686000 -1.764000
1643016178.192977 0.315313 0.294714 0.289990 2.058000 -0.686000 -1.764000
1643016178.216104 0.315313 0.294714 0.289990 2.058000 -0.686000 -1.764000
1643016178.254383 0.315290 0.294714 0.290014 2.058000 -0.686000 -1.764000
1643016178.289828 0.315290 0.294738 0.290014 2.058000 -0.686000 -1.666000
1643016178.322953 0.315266 0.294738 0.290014 2.058000 -0.686000 -1.666000
1643016178.350678 0.315266 0.294738 0.290014 2.058000 -0.686000 -1.666000
1643016178.382212 0.315266 0.294738 0.290038 2.058000 -0.686000 -1.666000
1643016178.416810 0.315242 0.294738 0.290038 2.058000 -0.686000 -1.666000
1643016178.450071 0.315219 0.294738 0.290038 2.058000 -0.686000 -1.666000
1643016178.481658 0.315219 0.294762 0.290061 2.058000 -0.686000 -1.666000
1643016178.517111 0.315195 0.294762 0.290061 2.058000 -0.686000 -1.666000
1643016178.548972 0.315195 0.294762 0.290085 2.058000 -0.686000 -1.666000
1643016178.585734 0.315171 0.294762 0.290085 2.058000 -0.686000 -1.666000
1643016178.617679 0.315148 0.294762 0.290085 2.058000 -0.686000 -1.666000
1643016178.649168 0.315124 0.294785 0.290109 2.058000 -0.686000 -1.666000
1643016178.683091 0.315124 0.294785 0.290109 2.058000 -0.686000 -1.666000
1643016178.716333 0.315100 0.294785 0.290132 2.058000 -0.686000 -1.666000
1643016178.752859 0.315077 0.294809 0.290156 2.058000 -0.686000 -1.666000
1643016178.784254 0.315053 0.294809 0.290156 2.058000 -0.686000 -1.666000
1643016178.824006 0.315029 0.294809 0.290179 2.058000 -0.686000 -1.666000
1643016178.850879 0.315006 0.294833 0.290179 2.058000 -0.686000 -1.666000
1643016178.883263 0.314982 0.294833 0.290203 2.058000 -0.686000 -1.666000
1643016178.915931 0.314959 0.294833 0.290227 2.058000 -0.686000 -1.666000
1643016178.949976 0.314935 0.294856 0.290227 2.058000 -0.686000 -1.666000
1643016178.982102 0.314911 0.294856 0.290250 2.058000 -0.686000 -1.666000
1643016179.015352 0.314888 0.294856 0.290274 2.058000 -0.686000 -1.666000
1643016179.048894 0.314840 0.294880 0.290298 2.058000 -0.686000 -1.666000
1643016179.082907 0.314817 0.294880 0.290321 2.058000 -0.686000 -1.666000
1643016179.116246 0.314793 0.294904 0.290321 2.058000 -0.686000 -1.666000
1643016179.150857 0.314746 0.294904 0.290345 2.058000 -0.686000 -1.666000
1643016179.183030 0.314722 0.294927 0.290369 2.058000 -0.686000 -1.666000
1643016179.215469 0.314698 0.294927 0.290392 2.058000 -0.686000 -1.666000
1643016179.251734 0.314651 0.294951 0.290416 2.058000 -0.686000 -1.666000
1643016179.288896 0.314628 0.294951 0.290440 2.058000 -0.686000 -1.666000
1643016179.320593 0.314580 0.294975 0.290463 2.058000 -0.588000 -1.666000
1643016179.349875 0.314557 0.294975 0.290487 2.058000 -0.588000 -1.666000
1643016179.383097 0.314509 0.294998 0.290510 2.058000 -0.588000 -1.666000
1643016179.415425 0.314462 0.294998 0.290534 2.058000 -0.588000 -1.666000
1643016179.448977 0.314438 0.295022 0.290581 2.156000 -0.686000 -1.666000
1643016179.483033 0.314391 0.295022 0.290605 2.156000 -0.686000 -1.666000
1643016179.516454 0.314344 0.295045 0.290629 2.156000 -0.686000 -1.666000
1643016179.548817 0.314297 0.295069 0.290652 2.156000 -0.686000 -1.666000
1643016179.583216 0.314249 0.295069 0.290676 2.156000 -0.686000 -1.666000
1643016179.616405 0.314202 0.295093 0.290723 2.156000 -0.686000 -1.666000
1643016179.649795 0.314155 0.295116 0.290747 2.156000 -0.686000 -1.666000
1643016179.690756 0.314107 0.295140 0.290771 2.156000 -0.588000 -1.666000
1643016179.719365 0.314060 0.295140 0.290818 2.156000 -0.588000 -1.666000
1643016179.755169 0.314013 0.295164 0.290841 2.156000 -0.588000 -1.666000
1643016179.782076 0.313966 0.295187 0.290865 2.156000 -0.588000 -1.666000
1643016179.817583 0.313895 0.295211 0.290912 2.156000 -0.588000 -1.666000
1643016179.850648 0.313847 0.295211 0.290936 2.156000 -0.588000 -1.666000
1643016179.882972 0.313800 0.295235 0.290983 2.156000 -0.588000 -1.666000
1643016179.917236 0.313753 0.295258 0.291007 2.156000 -0.588000 -1.666000
1643016179.949686 0.313682 0.295282 0.291054 2.156000 -0.588000 -1.568000
1643016179.982947 0.313635 0.295306 0.291101 2.156000 -0.588000 -1.568000
1643016180.017237 0.313564 0.295306 0.291125 2.156000 -0.588000 -1.568000
1643016180.049514 0.313516 0.295329 0.291172 2.156000 -0.588000 -1.568000
1643016180.082121 0.313446 0.295353 0.291196 2.156000 -0.588000 -1.568000
1643016180.116226 0.313375 0.295376 0.291243 2.156000 -0.588000 -1.568000
1643016180.149812 0.313327 0.295400 0.291291 2.156000 -0.588000 -1.568000
1643016180.185849 0.313256 0.295424 0.291338 2.156000 -0.588000 -1.568000
1643016180.222724 0.313185 0.295447 0.291385 2.254000 -0.588000 -1.568000
1643016180.255102 0.313115 0.295471 0.291432 2.254000 -0.588000 -1.568000
1643016180.282879 0.313067 0.295495 0.291456 2.254000 -0.588000 -1.568000
1643016180.316814 0.312996 0.295518 0.291503 2.254000 -0.588000 -1.568000
1643016180.350566 0.312925 0.295542 0.291551 2.254000 -0.588000 -1.568000
1643016180.381029 0.312855 0.295566 0.291598 2.254000 -0.588000 -1.568000
1643016180.418466 0.312784 0.295589 0.291645 2.254000 -0.588000 -1.568000
1643016180.449203 0.312713 0.295613 0.291692 2.254000 -0.588000 -1.568000
1643016180.486966 0.312642 0.295636 0.291740 2.254000 -0.588000 -1.568000
1643016180.516822 0.312547 0.295684 0.291787 2.254000 -0.588000 -1.568000
1643016180.550056 0.312476 0.295707 0.291834 2.254000 -0.588000 -1.568000
1643016180.582676 0.312405 0.295731 0.291905 2.254000 -0.490000 -1.568000
1643016180.616833 0.312311 0.295755 0.291953 2.254000 -0.490000 -1.568000
1643016180.653123 0.312240 0.295778 0.292000 2.254000 -0.490000 -1.568000
1643016180.686040 0.312169 0.295802 0.292047 2.254000 -0.490000 -1.568000
1643016180.725327 0.312074 0.295849 0.292118 2.254000 -0.490000 -1.568000
1643016180.752212 0.312003 0.295849 0.292165 2.254000 -0.490000 -1.568000
1643016180.782690 0.311933 0.295897 0.292213 2.254000 -0.490000 -1.568000
1643016180.816028 0.311838 0.295920 0.292260 2.254000 -0.490000 -1.568000
1643016180.850907 0.311767 0.295944 0.292307 2.254000 -0.490000 -1.568000
1643016180.883052 0.311672 0.295967 0.292378 2.254000 -0.490000 -1.568000
1643016180.915758 0.311602 0.295991 0.292425 2.254000 -0.490000 -1.568000
1643016180.948270 0.311507 0.296038 0.292473 2.254000 -0.392000 -1.470000
1643016180.982713 0.311412 0.296062 0.292544 2.254000 -0.392000 -1.470000
1643016181.017090 0.311318 0.296086 0.292591 2.254000 -0.392000 -1.470000
1643016181.049695 0.311247 0.296133 0.292662 2.254000 -0.392000 -1.470000
1643016181.082790 0.311152 0.296157 0.292709 2.352000 -0.392000 -1.470000
1643016181.121828 0.311058 0.296180 0.292756 2.352000 -0.392000 -1.470000
1643016181.153348 0.310987 0.296204 0.292827 2.352000 -0.392000 -1.470000
1643016181.191267 0.310869 0.296251 0.292898 2.352000 -0.392000 -1.470000
1643016181.221450 0.310774 0.296275 0.292945 2.352000 -0.392000 -1.470000
1643016181.250621 0.310703 0.296322 0.293016 2.352000 -0.392000 -1.470000
1643016181.282847 0.310609 0.296346 0.293064 2.352000 -0.392000 -1.470000
1643016181.315206 0.310514 0.296369 0.293135 2.352000 -0.392000 -1.470000
1643016181.348999 0.310420 0.296417 0.293182 2.352000 -0.392000 -1.470000
1643016181.383641 0.310325 0.296440 0.293253 2.352000 -0.392000 -1.470000
1643016181.419992 0.310230 0.296464 0.293300 2.352000 -0.392000 -1.470000
1643016181.448770 0.310136 0.296511 0.293371 2.352000 -0.392000 -1.470000
1643016181.484394 0.310018 0.296535 0.293442 2.352000 -0.392000 -1.470000
1643016181.516672 0.309923 0.296582 0.293513 2.352000 -0.392000 -1.470000
1643016181.549348 0.309829 0.296606 0.293560 2.352000 -0.392000 -1.470000
1643016181.582168 0.309734 0.296653 0.293631 2.352000 -0.392000 -1.470000
1643016181.618104 0.309639 0.296677 0.293702 2.352000 -0.392000 -1.470000
1643016181.654596 0.309521 0.296700 0.293773 2.352000 -0.392000 -1.470000
1643016181.684294 0.309427 0.296748 0.293820 2.352000 -0.392000 -1.470000
1643016181.717445 0.309332 0.296771 0.293891 2.450000 -0.392000 -1.372000
1643016181.748935 0.309237 0.296819 0.293962 2.450000 -0.392000 -1.372000
1643016181.782353 0.309143 0.296842 0.294033 2.450000 -0.392000 -1.372000
1643016181.816585 0.309025 0.296889 0.294080 2.450000 -0.392000 -1.372000
1643016181.849074 0.308930 0.296913 0.294151 2.450000 -0.294000 -1.372000
1643016181.882232 0.308836 0.296960 0.294222 2.450000 -0.294000 -1.372000
1643016181.916687 0.308741 0.296984 0.294293 2.450000 -0.294000 -1.372000
1643016181.949883 0.308623 0.297031 0.294364 2.450000 -0.294000 -1.372000
1643016181.982443 0.308528 0.297055 0.294411 2.450000 -0.294000 -1.372000
1643016182.016857 0.308434 0.297102 0.294482 2.450000 -0.294000 -1.372000
1643016182.053472 0.308316 0.297126 0.294553 2.450000 -0.294000 -1.372000
1643016182.086156 0.308221 0.297149 0.294624 2.450000 -0.294000 -1.372000
1643016182.121517 0.308103 0.297197 0.294695 2.450000 -0.294000 -1.372000
1643016182.151577 0.308008 0.297244 0.294766 2.450000 -0.294000 -1.372000
1643016182.181954 0.307914 0.297268 0.294813 2.450000 -0.294000 -1.372000
1643016182.216563 0.307819 0.297315 0.294884 2.450000 -0.294000 -1.372000
1643016182.251887 0.307701 0.297339 0.294955 2.450000 -0.294000 -1.372000
1643016182.284418 0.307606 0.297386 0.295026 2.450000 -0.294000 -1.372000
1643016182.315902 0.307512 0.297410 0.295097 2.450000 -0.294000 -1.372000
1643016182.349240 0.307417 0.297433 0.295168 2.450000 -0.294000 -1.372000
1643016182.382622 0.307299 0.297480 0.295239 2.450000 -0.294000 -1.372000
1643016182.416008 0.307204 0.297504 0.295286 2.450000 -0.294000 -1.372000
1643016182.448281 0.307086 0.297551 0.295357 2.450000 -0.294000 -1.372000
1643016182.484657 0.306992 0.297599 0.295428 2.548000 -0.294000 -1.274000
1643016182.516018 0.306897 0.297622 0.295499 2.548000 -0.294000 -1.274000
1643016182.548524 0.306779 0.297646 0.295570 2.548000 -0.294000 -1.274000
1643016182.582655 0.306684 0.297693 0.295617 2.548000 -0.294000 -1.274000
1643016182.617105 0.306590 0.297717 0.295688 2.548000 -0.196000 -1.274000
1643016182.648406 0.306472 0.297764 0.295759 2.548000 -0.196000 -1.274000
1643016182.681824 0.306377 0.297788 0.295830 2.548000 -0.196000 -1.274000
1643016182.716122 0.306282 0.297835 0.295901 2.548000 -0.196000 -1.274000
1643016182.748611 0.306188 0.297859 0.295948 2.548000 -0.196000 -1.274000
1643016182.782916 0.306070 0.297906 0.296019 2.548000 -0.196000 -1.274000
1643016182.815302 0.305975 0.297930 0.296090 2.548000 -0.196000 -1.274000
1643016182.850522 0.305881 0.297977 0.296161 2.548000 -0.196000 -1.274000
1643016182.882165 0.305786 0.298001 0.296208 2.548000 -0.196000 -1.274000
1643016182.914503 0.305691 0.298048 0.296279 2.548000 -0.196000 -1.274000
1643016182.949924 0.305597 0.298071 0.296350 2.548000 -0.196000 -1.274000
1643016182.982826 0.305479 0.298119 0.296421 2.548000 -0.196000 -1.274000
1643016183.016098 0.305384 0.298142 0.296468 2.548000 -0.196000 -1.274000
1643016183.049555 0.305290 0.298166 0.296539 2.548000 -0.196000 -1.274000
1643016183.085731 0.305195 0.298213 0.296610 2.548000 -0.196000 -1.274000
1643016183.116488 0.305100 0.298237 0.296657 2.548000 -0.098000 -1.176000
1643016183.149626 0.305006 0.298284 0.296728 2.548000 -0.098000 -1.176000
1643016183.182178 0.304911 0.298308 0.296775 2.548000 -0.098000 -1.176000
1643016183.215650 0.304817 0.298332 0.296846 2.548000 -0.098000 -1.176000
1643016183.251095 0.304722 0.298379 0.296917 2.450000 -0.098000 -1.176000
1643016183.283257 0.304651 0.298402 0.296964 2.450000 -0.098000 -1.176000
1643016183.315593 0.304557 0.298426 0.297035 2.450000 -0.098000 -1.176000
1643016183.349923 0.304462 0.298473 0.297083 2.450000 -0.098000 -1.176000
1643016183.383581 0.304368 0.298497 0.297153 2.548000 -0.098000 -1.176000
1643016183.416832 0.304273 0.298521 0.297201 2.548000 -0.098000 -1.176000
1643016183.449181 0.304202 0.298568 0.297272 2.548000 -0.098000 -1.176000
1643016183.488246 0.304107 0.298592 0.297319 2.450000 -0.098000 -1.176000
1643016183.516994 0.304013 0.298615 0.297390 2.450000 -0.098000 -1.176000
1643016183.552192 0.303918 0.298639 0.297437 2.450000 -0.098000 -1.176000
1643016183.582689 0.303847 0.298686 0.297484 2.450000 -0.098000 -1.176000
1643016183.618287 0.303753 0.298710 0.297555 2.450000 -0.098000 -1.176000
1643016183.649448 0.303658 0.298733 0.297603 2.450000 -0.098000 -1.176000
1643016183.682762 0.303587 0.298757 0.297650 2.450000 -0.098000 -1.176000
1643016183.717071 0.303493 0.298781 0.297721 2.450000 -0.098000 -1.176000
1643016183.748702 0.303422 0.298828 0.297768 2.450000 -0.098000 -1.176000
1643016183.782942 0.303327 0.298852 0.297815 2.450000 -0.098000 -1.176000
1643016183.817304 0.303256 0.298875 0.297863 2.450000 -0.098000 -1.176000
1643016183.847766 0.303185 0.298899 0.297934 2.450000 -0.098000 -1.176000
1643016183.883332 0.303091 0.298923 0.297981 2.450000 -0.098000 -1.176000
1643016183.915990 0.303020 0.298970 0.298028 2.450000 -0.098000 -1.176000
1643016183.952020 0.302949 0.298993 0.298075 2.450000 -0.098000 -1.176000
1643016183.984825 0.302878 0.299017 0.298123 2.450000 -0.098000 -1.176000
1643016184.024889 0.302784 0.299041 0.298194 2.352000 -0.098000 -1.176000
1643016184.049627 0.302713 0.299064 0.298217 2.352000 -0.098000 -1.176000
1643016184.082925 0.302642 0.299088 0.298265 2.352000 -0.098000 -1.176000
1643016184.114481 0.302571 0.299112 0.298312 2.352000 0.000000 -1.078000
1643016184.149725 0.302500 0.299135 0.298359 2.352000 0.000000 -1.078000
1643016184.182993 0.302453 0.299159 0.298406 2.352000 0.000000 -1.078000
1643016184.216400 0.302382 0.299183 0.298454 2.352000 0.000000 -1.078000
1643016184.249873 0.302311 0.299206 0.298501 2.352000 0.000000 -1.078000
1643016184.283048 0.302240 0.299230 0.298525 2.352000 0.000000 -1.078000
1643016184.316544 0.302169 0.299230 0.298572 2.352000 0.000000 -1.078000
1643016184.349976 0.302098 0.299253 0.298619 2.352000 0.000000 -1.078000
1643016184.382439 0.302051 0.299277 0.298666 2.352000 0.000000 -1.078000
1643016184.417024 0.301980 0.299301 0.298690 2.352000 0.000000 -1.078000
1643016184.449137 0.301933 0.299324 0.298737 2.352000 0.000000 -1.078000
1643016184.481560 0.301862 0.299348 0.298785 2.352000 0.000000 -1.078000
1643016184.519344 0.301814 0.299372 0.298808 2.352000 0.000000 -1.078000
1643016184.549683 0.301743 0.299395 0.298856 2.352000 0.000000 -1.078000
1643016184.582524 0.301696 0.299419 0.298903 2.352000 0.000000 -1.078000
1643016184.615936 0.301625 0.299443 0.298927 2.352000 0.000000 -1.078000
1643016184.648443 0.301578 0.299443 0.298974 2.352000 0.000000 -1.078000
1643016184.682528 0.301531 0.299466 0.298997 2.352000 0.000000 -1.078000
1643016184.715915 0.301460 0.299490 0.299045 2.352000 0.000000 -1.078000
1643016184.749478 0.301412 0.299514 0.299068 2.254000 0.000000 -1.078000
1643016184.782755 0.301365 0.299537 0.299116 2.254000 0.000000 -1.078000
1643016184.816034 0.301318 0.299537 0.299139 2.254000 0.000000 -1.078000
1643016184.849376 0.301271 0.299561 0.299163 2.254000 0.000000 -1.078000
1643016184.882938 0.301223 0.299584 0.299210 2.254000 0.000000 -1.078000
1643016184.914724 0.301176 0.299584 0.299234 2.254000 0.000000 -1.078000
1643016184.951997 0.301129 0.299608 0.299257 2.254000 0.000000 -1.078000
1643016184.984425 0.301105 0.299608 0.299281 2.254000 0.000000 -1.078000
1643016185.019416 0.301058 0.299632 0.299328 2.254000 0.000000 -1.078000
1643016185.049382 0.301011 0.299655 0.299352 2.254000 0.000000 -1.078000
1643016185.082604 0.300963 0.299655 0.299376 2.254000 0.000000 -1.078000
1643016185.116037 0.300940 0.299679 0.299399 2.254000 0.000000 -1.078000
1643016185.149486 0.300892 0.299703 0.299423 2.254000 0.000000 -1.078000
1643016185.183105 0.300845 0.299703 0.299447 2.254000 0.000000 -1.078000
1643016185.215498 0.300821 0.299726 0.299470 2.254000 0.000000 -1.078000
1643016185.249784 0.300774 0.299726 0.299494 2.254000 0.000000 -1.078000
1643016185.283221 0.300751 0.299750 0.299518 2.254000 0.000000 -1.078000
1643016185.317221 0.300703 0.299750 0.299518 2.254000 0.000000 -1.078000
1643016185.352268 0.300680 0.299774 0.299541 2.254000 0.000000 -1.078000
1643016185.386029 0.300656 0.299774 0.299565 2.254000 0.000000 -1.078000
1643016185.417547 0.300609 0.299774 0.299588 2.254000 0.000000 -1.078000
1643016185.449567 0.300585 0.299797 0.299612 2.254000 0.000000 -1.078000
1643016185.483090 0.300561 0.299797 0.299636 2.254000 0.000000 -1.078000
1643016185.517537 0.300538 0.299821 0.299659 2.254000 0.000000 -1.078000
1643016185.548890 0.300514 0.299821 0.299659 2.254000 0.000000 -1.078000
1643016185.583057 0.300490 0.299845 0.299683 2.254000 0.000000 -1.078000
1643016185.616359 0.300443 0.299845 0.299707 2.254000 0.000000 -1.078000
1643016185.651014 0.300420 0.299845 0.299707 2.254000 0.000000 -1.078000
1643016185.683982 0.300396 0.299868 0.299730 2.254000 0.000000 -1.078000
1643016185.716386 0.300396 0.299868 0.299754 2.254000 0.000000 -1.078000
1643016185.750883 0.300372 0.299868 0.299754 2.254000 0.000000 -1.078000
1643016185.782602 0.300349 0.299892 0.299778 2.254000 0.000000 -1.078000
1643016185.817735 0.300325 0.299892 0.299778 2.254000 0.000000 -1.078000
1643016185.852021 0.300301 0.299892 0.299801 2.254000 0.000000 -1.078000
1643016185.884442 0.300278 0.299892 0.299825 2.254000 0.000000 -1.078000
1643016185.920118 0.300278 0.299915 0.299825 2.254000 0.000000 -0.980000
1643016185.949581 0.300254 0.299915 0.299825 2.254000 0.000000 -0.980000
1643016185.981934 0.300254 0.299915 0.299849 2.254000 0.000000 -0.980000
1643016186.016386 0.300230 0.299915 0.299849 2.254000 0.000000 -0.980000
1643016186.049721 0.300207 0.299915 0.299872 2.254000 0.000000 -0.980000
1643016186.083130 0.300207 0.299939 0.299872 2.254000 0.000000 -0.980000
1643016186.116464 0.300183 0.299939 0.299872 2.254000 0.000000 -0.980000
1643016186.149959 0.300183 0.299939 0.299896 2.254000 0.000000 -0.980000
1643016186.183006 0.300159 0.299939 0.299896 2.254000 0.000000 -0.980000
1643016186.215577 0.300159 0.299939 0.299896 2.254000 0.000000 -0.980000
1643016186.253754 0.300136 0.299963 0.299896 2.254000 0.000000 -0.980000
1643016186.287720 0.300136 0.299963 0.299919 2.254000 0.000000 -0.980000
1643016186.317549 0.300136 0.299963 0.299919 2.254000 0.000000 -0.980000
1643016186.349986 0.300112 0.299963 0.299919 2.254000 0.000000 -0.980000
1643016186.383512 0.300112 0.299963 0.299919 2.254000 0.000000 -0.980000
1643016186.416222 0.300112 0.299963 0.299943 2.254000 0.000000 -0.980000
1643016186.451019 0.300089 0.299963 0.299943 2.254000 0.000000 -0.980000
1643016186.482913 0.300089 0.299963 0.299943 2.254000 0.000000 -0.980000
1643016186.516289 0.300089 0.299963 0.299943 2.254000 0.000000 -0.980000
1643016186.549718 0.300089 0.299963 0.299943 2.254000 0.000000 -0.980000
1643016186.582059 0.300089 0.299963 0.299943 2.254000 0.000000 -0.980000
1643016186.615373 0.300089 0.299986 0.299943 2.254000 0.000000 -0.980000
1643016186.648832 0.300065 0.299986 0.299967 2.254000 0.000000 -0.980000
1643016186.682392 0.300065 0.299986 0.299967 2.254000 0.000000 -0.980000
1643016186.718841 0.300065 0.299986 0.299967 2.254000 0.000000 -0.980000
1643016186.750897 0.300065 0.299986 0.299967 2.254000 0.000000 -0.980000
1643016186.786554 0.300065 0.299963 0.299967 2.254000 0.000000 -0.980000
1643016186.820082 0.300065 0.299963 0.299967 2.254000 0.000000 -0.980000
1643016186.849709 0.300065 0.299963 0.299967 2.254000 0.000000 -0.980000
1643016186.882083 0.300065 0.299986 0.299967 2.254000 0.000000 -0.980000
1643016186.916234 0.300065 0.299986 0.299967 2.254000 0.000000 -0.980000
1643016186.948928 0.300065 0.299986 0.299967 2.254000 0.000000 -0.980000
1643016186.982282 0.300065 0.299986 0.299943 2.254000 0.000000 -0.980000
1643016187.015586 0.300065 0.299986 0.299943 2.254000 0.000000 -0.980000
1643016187.051234 0.300065 0.299963 0.299967 2.254000 0.000000 -0.980000
1643016187.082796 0.300041 0.299963 0.299967 2.254000 0.000000 -0.980000
1643016187.117154 0.300041 0.299963 0.299967 2.254000 0.000000 -0.980000
1643016187.149296 0.300041 0.299986 0.299967 2.254000 0.000000 -0.980000
1643016187.188053 0.300065 0.299986 0.299967 2.254000 0.000000 -0.980000
1643016187.219445 0.300065 0.299986 0.299967 2.254000 0.000000 -0.980000
1643016187.248996 0.300065 0.299986 0.299943 2.254000 0.000000 -0.980000
