1643015980.088382 0.300089 0.300246 0.299967 53572109356985661460280776005466317969903117030035344984262186832407923025527269870917715299086692778412569199964221935791488110130323286766822855823048393384759015221463132209734273340081086952112128.000000 0.000000 0.000000
1643015980.120506 0.300089 0.300246 0.299967 53572109356985661460280776005466317969903117030035344984262186832407923025527269870917715299086692778412569199964221935791488110130323286766822855823048393384759015221463132209734273340081086952112128.000000 0.000000 0.000000
1643015980.155989 0.300089 0.300246 0.299967 53572109356985661460280776005466317969903117030035344984262186832407923025527269870917715299086692778412569199964221935791488110130323286766822855823048393384759015221463132209734273340081086952112128.000000 
1643015983.247577 0.300089 0.300246 0.299967 nan 0.000000 0.500000
1643015983.281062 0.300089 0.300246 0.299967 nan 0.000000 0.500000
1643015983.313625 0.300089 0.300246 0.299967 nan 0.000000 0.500000
1643015983.350217 0.300089 0.300246 0.299967 nan 0.000000 0.500000
1643015983.386018 0.300089 0.300246 0.299967 nan 0.000000 0.500000
1643015983.418863 0.300089 0.300246 0.299967 nan 0.000000 0.500000
1643015983.448302 0.300089 0.300246 0.299967 nan 0.000000 0.500000
1643015983.481265 0.300089 0.300246 0.299967 nan 0.000000 0.500000
1643015983.514848 0.300089 0.300246 0.299967 nan 0.000000 0.500000
1643015983.548318 0.300089 0.300246 0.299967 1.078000 0.000000 -0.392000
1643015983.581931 0.300089 0.300246 0.299967 1.078000 0.000000 -0.392000
1643015983.613810 0.300089 0.300246 0.299967 1.078000 0.000000 -0.392000
1643015983.648312 0.300089 0.300246 0.299967 1.078000 0.000000 -0.392000
1643015983.681534 0.300089 0.300246 0.299967 1.078000 0.000000 -0.392000
1643015983.713794 0.300089 0.300246 0.299967 1.078000 0.000000 -0.392000
1643015983.748225 0.300089 0.300246 0.299967 1.078000 0.000000 -0.392000
1643015983.788182 0.300089 0.300246 0.299967 1.078000 0.000000 -0.392000
1643015983.817724 0.300113 0.300246 0.299967 1.078000 0.000000 -0.392000
1643015983.851564 0.300113 0.300246 0.299943 1.078000 0.000000 -0.392000
1643015983.881530 0.300113 0.300246 0.299943 1.078000 0.000000 -0.392000
1643015983.914966 0.300113 0.300246 0.299943 1.078000 0.000000 -0.392000
1643015983.947060 0.300113 0.300246 0.299943 1.078000 0.000000 -0.392000
1643015983.980450 0.300136 0.300246 0.299943 1.078000 0.000000 -0.392000
1643015984.013781 0.300136 0.300246 0.299943 1.078000 0.000000 -0.392000
1643015984.048962 0.300136 0.300222 0.299919 1.078000 0.000000 -0.392000
1643015984.083207 0.300160 0.300222 0.299919 1.078000 0.000000 -0.392000
1643015984.113600 0.300160 0.300222 0.299919 1.078000 0.000000 -0.392000
1643015984.148039 0.300160 0.300222 0.299919 1.078000 0.000000 -0.392000
1643015984.181168 0.300160 0.300222 0.299896 1.078000 0.000000 -0.392000
1643015984.212760 0.300184 0.300222 0.299896 1.078000 0.000000 -0.392000
1643015984.247159 0.300184 0.300222 0.299896 1.078000 0.000000 -0.392000
1643015984.293904 0.300207 0.300222 0.299896 1.078000 0.000000 -0.392000
1643015984.315648 0.300207 0.300199 0.299872 1.078000 0.000000 -0.392000
1643015984.349418 0.300231 0.300199 0.299872 1.078000 0.000000 -0.392000
1643015984.380917 0.300231 0.300199 0.299872 1.078000 0.000000 -0.392000
1643015984.415619 0.300254 0.300199 0.299848 1.078000 0.000000 -0.392000
1643015984.448874 0.300254 0.300199 0.299848 1.078000 0.000000 -0.392000
1643015984.482539 0.300278 0.300199 0.299825 1.078000 0.000000 -0.392000
1643015984.514655 0.300278 0.300199 0.299825 1.078000 0.000000 -0.392000
1643015984.547851 0.300302 0.300175 0.299801 1.078000 0.000000 -0.392000
1643015984.581321 0.300325 0.300175 0.299801 1.078000 0.000000 -0.392000
1643015984.614148 0.300325 0.300175 0.299777 1.078000 0.000000 -0.392000
1643015984.648391 0.300349 0.300175 0.299777 1.078000 0.000000 -0.392000
1643015984.685162 0.300373 0.300151 0.299754 1.078000 0.000000 -0.392000
1643015984.719799 0.300396 0.300151 0.299754 1.078000 0.000000 -0.392000
1643015984.753223 0.300420 0.300151 0.299730 1.078000 0.000000 -0.392000
1643015984.787331 0.300444 0.300151 0.299707 1.078000 0.000000 -0.392000
1643015984.815118 0.300467 0.300128 0.299683 1.078000 0.000000 -0.392000
1643015984.848672 0.300467 0.300128 0.299683 1.078000 0.000000 -0.392000
1643015984.881996 0.300491 0.300128 0.299659 1.078000 0.000000 -0.392000
1643015984.915322 0.300538 0.300128 0.299636 1.078000 0.000000 -0.392000
1643015984.948008 0.300562 0.300104 0.299636 1.078000 0.000000 -0.392000
1643015984.981382 0.300585 0.300104 0.299612 1.078000 0.000000 -0.392000
1643015985.014802 0.300609 0.300104 0.299588 1.078000 0.000000 -0.392000
1643015985.048840 0.300633 0.300081 0.299565 1.078000 0.000000 -0.392000
1643015985.082253 0.300680 0.300081 0.299541 1.078000 0.000000 -0.392000
1643015985.114043 0.300704 0.300057 0.299517 1.078000 0.000000 -0.392000
1643015985.148556 0.300727 0.300057 0.299494 1.078000 0.000000 -0.392000
1643015985.184207 0.300775 0.300057 0.299470 1.078000 0.000000 -0.392000
1643015985.217005 0.300798 0.300033 0.299447 1.078000 0.000000 -0.392000
1643015985.249462 0.300846 0.300033 0.299399 1.078000 0.000000 -0.392000
1643015985.284876 0.300869 0.300033 0.299376 1.078000 -0.098000 -0.392000
1643015985.314245 0.300893 0.300010 0.299352 1.078000 -0.098000 -0.392000
1643015985.348503 0.300940 0.300010 0.299328 1.078000 -0.098000 -0.392000
1643015985.383126 0.300987 0.299986 0.299305 1.078000 -0.098000 -0.392000
1643015985.414915 0.301011 0.299986 0.299281 1.078000 -0.098000 -0.392000
1643015985.447821 0.301058 0.299962 0.299234 1.078000 -0.098000 -0.392000
1643015985.481359 0.301106 0.299962 0.299210 1.078000 -0.098000 -0.392000
1643015985.516283 0.301153 0.299939 0.299186 1.078000 -0.098000 -0.392000
1643015985.549026 0.301200 0.299939 0.299139 1.078000 -0.098000 -0.490000
1643015985.580169 0.301247 0.299915 0.299116 1.078000 -0.098000 -0.490000
1643015985.614004 0.301295 0.299915 0.299092 1.078000 -0.098000 -0.490000
1643015985.649898 0.301342 0.299891 0.299045 1.078000 -0.098000 -0.490000
1643015985.687510 0.301389 0.299868 0.298997 1.078000 0.000000 -0.490000
1643015985.715903 0.301437 0.299868 0.298974 1.078000 0.000000 -0.490000
1643015985.748495 0.301484 0.299844 0.298950 1.078000 0.000000 -0.490000
1643015985.781960 0.301531 0.299844 0.298903 1.078000 0.000000 -0.490000
1643015985.813723 0.301578 0.299820 0.298879 1.078000 0.000000 -0.490000
1643015985.848140 0.301649 0.299820 0.298832 1.078000 0.000000 -0.490000
1643015985.881537 0.301697 0.299797 0.298785 1.078000 0.000000 -0.490000
1643015985.913923 0.301744 0.299773 0.298737 1.078000 -0.098000 -0.490000
1643015985.948093 0.301815 0.299750 0.298690 1.078000 -0.098000 -0.490000
1643015985.980492 0.301862 0.299750 0.298666 1.078000 -0.098000 -0.490000
1643015986.014864 0.301933 0.299726 0.298619 1.078000 -0.098000 -0.490000
1643015986.047317 0.301980 0.299702 0.298572 0.980000 -0.098000 -0.490000
1643015986.083289 0.302051 0.299702 0.298525 0.980000 -0.098000 -0.490000
1643015986.118939 0.302122 0.299679 0.298477 0.980000 -0.098000 -0.490000
1643015986.151345 0.302193 0.299655 0.298430 0.980000 -0.098000 -0.490000
1643015986.184118 0.302240 0.299631 0.298383 0.980000 -0.098000 -0.490000
1643015986.213145 0.302311 0.299631 0.298335 0.980000 -0.098000 -0.490000
1643015986.246712 0.302359 0.299608 0.298288 0.980000 -0.098000 -0.490000
1643015986.281946 0.302429 0.299584 0.298241 0.980000 -0.098000 -0.490000
1643015986.314559 0.302500 0.299560 0.298194 0.980000 -0.098000 -0.490000
1643015986.347681 0.302571 0.299537 0.298123 0.980000 -0.098000 -0.490000
1643015986.381112 0.302642 0.299513 0.298075 0.980000 -0.098000 -0.490000
1643015986.414811 0.302713 0.299489 0.298028 0.980000 -0.098000 -0.490000
1643015986.448749 0.302784 0.299489 0.297981 0.980000 -0.098000 -0.490000
1643015986.481202 0.302855 0.299466 0.297934 0.980000 -0.098000 -0.490000
1643015986.514662 0.302926 0.299442 0.297863 0.980000 -0.098000 -0.490000
1643015986.553949 0.303020 0.299419 0.297815 0.980000 -0.098000 -0.588000
1643015986.583485 0.303091 0.299395 0.297744 0.980000 -0.098000 -0.588000
1643015986.616665 0.303162 0.299371 0.297697 0.980000 -0.098000 -0.588000
1643015986.648102 0.303257 0.299348 0.297650 0.980000 -0.098000 -0.588000
1643015986.681679 0.303328 0.299324 0.297579 0.980000 -0.098000 -0.588000
1643015986.713830 0.303399 0.299300 0.297532 0.980000 -0.098000 -0.588000
1643015986.748369 0.303470 0.299277 0.297461 0.980000 -0.098000 -0.588000
1643015986.781541 0.303564 0.299253 0.297413 0.980000 -0.098000 -0.588000
1643015986.815206 0.303635 0.299253 0.297342 0.980000 -0.098000 -0.588000
1643015986.847566 0.303730 0.299229 0.297295 0.980000 -0.098000 -0.588000
1643015986.880980 0.303801 0.299206 0.297224 0.980000 -0.098000 -0.588000
1643015986.915268 0.303895 0.299159 0.297177 0.980000 -0.098000 -0.588000
1643015986.947658 0.303966 0.299135 0.297106 0.980000 -0.098000 -0.588000
1643015986.981103 0.304061 0.299111 0.297035 0.980000 -0.098000 -0.588000
1643015987.017404 0.304155 0.299088 0.296988 0.980000 -0.098000 -0.588000
1643015987.048853 0.304226 0.299064 0.296917 0.980000 -0.098000 -0.588000
1643015987.084929 0.304344 0.299040 0.296846 0.980000 -0.098000 -0.588000
1643015987.114534 0.304415 0.299017 0.296775 0.980000 -0.098000 -0.588000
1643015987.147825 0.304510 0.298993 0.296728 0.980000 -0.098000 -0.588000
1643015987.180329 0.304581 0.298969 0.296657 0.980000 -0.098000 -0.588000
1643015987.214627 0.304675 0.298946 0.296586 0.980000 -0.098000 -0.588000
1643015987.247018 0.304770 0.298922 0.296515 0.980000 -0.098000 -0.588000
1643015987.281307 0.304864 0.298898 0.296444 0.980000 -0.098000 -0.588000
1643015987.314723 0.304959 0.298875 0.296373 0.980000 -0.098000 -0.588000
1643015987.348083 0.305054 0.298828 0.296302 0.980000 -0.098000 -0.588000
1643015987.380273 0.305148 0.298804 0.296255 0.980000 -0.098000 -0.588000
1643015987.413784 0.305243 0.298780 0.296184 0.980000 -0.098000 -0.588000
1643015987.447260 0.305337 0.298757 0.296113 0.980000 -0.098000 -0.686000
1643015987.484051 0.305432 0.298733 0.296042 0.980000 -0.098000 -0.686000
1643015987.519162 0.305550 0.298686 0.295948 0.980000 -0.098000 -0.686000
1643015987.550806 0.305645 0.298662 0.295877 0.980000 -0.098000 -0.686000
1643015987.582346 0.305739 0.298638 0.295806 1.078000 -0.098000 -0.686000
1643015987.614615 0.305810 0.298615 0.295735 1.078000 -0.098000 -0.686000
1643015987.647904 0.305905 0.298591 0.295688 1.078000 -0.098000 -0.686000
1643015987.681594 0.306023 0.298568 0.295617 1.078000 -0.196000 -0.686000
1643015987.714727 0.306117 0.298544 0.295522 1.078000 -0.196000 -0.686000
1643015987.747354 0.306212 0.298520 0.295475 1.078000 -0.196000 -0.686000
1643015987.781316 0.306306 0.298473 0.295380 1.078000 -0.196000 -0.686000
1643015987.814918 0.306401 0.298449 0.295309 1.078000 -0.098000 -0.784000
1643015987.848220 0.306496 0.298426 0.295238 1.078000 -0.098000 -0.784000
1643015987.881778 0.306614 0.298402 0.295168 1.078000 -0.098000 -0.784000
1643015987.918748 0.306708 0.298378 0.295097 1.078000 -0.098000 -0.784000
1643015987.952616 0.306803 0.298331 0.295026 1.078000 -0.196000 -0.784000
1643015987.983159 0.306898 0.298307 0.294955 1.078000 -0.196000 -0.784000
1643015988.015097 0.307016 0.298284 0.294884 1.078000 -0.196000 -0.784000
1643015988.047623 0.307110 0.298260 0.294789 1.078000 -0.196000 -0.784000
1643015988.080500 0.307205 0.298237 0.294718 1.176000 -0.196000 -0.784000
1643015988.115617 0.307299 0.298189 0.294647 1.176000 -0.196000 -0.784000
1643015988.149095 0.307418 0.298166 0.294577 1.176000 -0.196000 -0.784000
1643015988.181747 0.307512 0.298142 0.294506 1.176000 -0.196000 -0.784000
1643015988.215129 0.307607 0.298118 0.294435 1.176000 -0.196000 -0.784000
1643015988.248288 0.307701 0.298071 0.294364 1.176000 -0.196000 -0.784000
1643015988.280625 0.307819 0.298047 0.294269 1.176000 -0.196000 -0.784000
1643015988.314220 0.307914 0.298024 0.294198 1.176000 -0.196000 -0.882000
1643015988.347397 0.308009 0.298000 0.294127 1.176000 -0.196000 -0.882000
1643015988.384802 0.308127 0.297976 0.294056 1.176000 -0.196000 -0.882000
1643015988.416687 0.308221 0.297953 0.293986 1.176000 -0.196000 -0.882000
1643015988.455588 0.308340 0.297906 0.293891 1.274000 -0.196000 -0.882000
1643015988.482979 0.308411 0.297882 0.293844 1.274000 -0.196000 -0.882000
1643015988.515178 0.308505 0.297858 0.293773 1.274000 -0.196000 -0.882000
1643015988.547466 0.308600 0.297835 0.293678 1.274000 -0.196000 -0.882000
1643015988.581018 0.308718 0.297787 0.293607 1.274000 -0.294000 -0.980000
1643015988.614237 0.308812 0.297764 0.293536 1.274000 -0.294000 -0.980000
1643015988.648765 0.308907 0.297740 0.293465 1.274000 -0.294000 -0.980000
1643015988.681029 0.309002 0.297716 0.293394 1.274000 -0.294000 -0.980000
1643015988.715575 0.309096 0.297693 0.293324 1.274000 -0.294000 -0.980000
1643015988.747943 0.309214 0.297669 0.293253 1.274000 -0.294000 -0.980000
1643015988.782515 0.309309 0.297622 0.293182 1.274000 -0.294000 -0.980000
1643015988.814721 0.309403 0.297598 0.293111 1.274000 -0.294000 -0.980000
1643015988.855431 0.309498 0.297575 0.293040 1.372000 -0.294000 -0.980000
1643015988.884039 0.309593 0.297551 0.292969 1.372000 -0.294000 -0.980000
1643015988.916834 0.309687 0.297527 0.292898 1.372000 -0.294000 -0.980000
1643015988.948965 0.309782 0.297504 0.292827 1.372000 -0.294000 -1.078000
1643015988.989107 0.309900 0.297456 0.292756 1.372000 -0.294000 -1.078000
1643015989.015543 0.309971 0.297433 0.292685 1.372000 -0.294000 -1.078000
1643015989.047867 0.310065 0.297409 0.292614 1.372000 -0.294000 -1.078000
1643015989.081407 0.310160 0.297385 0.292567 1.372000 -0.294000 -1.078000
1643015989.115493 0.310254 0.297362 0.292496 1.372000 -0.294000 -1.078000
1643015989.148021 0.310349 0.297338 0.292425 1.372000 -0.294000 -1.078000
1643015989.181475 0.310444 0.297315 0.292354 1.372000 -0.294000 -1.078000
1643015989.214903 0.310515 0.297291 0.292283 1.470000 -0.294000 -1.078000
1643015989.247946 0.310609 0.297267 0.292212 1.470000 -0.294000 -1.078000
1643015989.281507 0.310704 0.297244 0.292142 1.470000 -0.294000 -1.078000
1643015989.313697 0.310798 0.297196 0.292071 1.470000 -0.294000 -1.078000
1643015989.352462 0.310893 0.297173 0.292023 1.470000 -0.294000 -1.176000
1643015989.383987 0.310987 0.297149 0.291952 1.470000 -0.294000 -1.176000
1643015989.414904 0.311058 0.297125 0.291881 1.470000 -0.294000 -1.176000
1643015989.447996 0.311153 0.297102 0.291834 1.470000 -0.294000 -1.176000
1643015989.480568 0.311224 0.297078 0.291763 1.470000 -0.392000 -1.176000
1643015989.513991 0.311318 0.297078 0.291692 1.470000 -0.392000 -1.176000
1643015989.548999 0.311389 0.297055 0.291645 1.470000 -0.392000 -1.176000
1643015989.580721 0.311484 0.297031 0.291574 1.470000 -0.392000 -1.176000
1643015989.614139 0.311578 0.296984 0.291503 1.470000 -0.392000 -1.176000
1643015989.648453 0.311649 0.296960 0.291456 1.470000 -0.392000 -1.176000
1643015989.680735 0.311720 0.296936 0.291385 1.470000 -0.392000 -1.176000
1643015989.714278 0.311815 0.296913 0.291338 1.568000 -0.392000 -1.274000
1643015989.746606 0.311886 0.296913 0.291267 1.568000 -0.392000 -1.274000
1643015989.784089 0.311980 0.296889 0.291220 1.568000 -0.392000 -1.274000
1643015989.817612 0.312051 0.296865 0.291149 1.568000 -0.392000 -1.274000
1643015989.852731 0.312146 0.296842 0.291101 1.568000 -0.392000 -1.274000
1643015989.879978 0.312193 0.296818 0.291054 1.568000 -0.392000 -1.274000
1643015989.915500 0.312264 0.296794 0.290983 1.568000 -0.392000 -1.274000
1643015989.948101 0.312359 0.296771 0.290936 1.568000 -0.392000 -1.274000
1643015989.981489 0.312429 0.296747 0.290889 1.568000 -0.392000 -1.274000
1643015990.013661 0.312500 0.296724 0.290841 1.568000 -0.392000 -1.274000
1643015990.047101 0.312571 0.296700 0.290770 1.568000 -0.392000 -1.274000
1643015990.081421 0.312642 0.296700 0.290723 1.568000 -0.392000 -1.274000
1643015990.113924 0.312713 0.296676 0.290676 1.666000 -0.392000 -1.372000
1643015990.148059 0.312784 0.296653 0.290629 1.666000 -0.392000 -1.372000
1643015990.180623 0.312831 0.296629 0.290581 1.666000 -0.392000 -1.372000
1643015990.221532 0.312902 0.296605 0.290534 1.666000 -0.490000 -1.372000
1643015990.251964 0.312973 0.296605 0.290487 1.666000 -0.490000 -1.372000
1643015990.282600 0.313020 0.296582 0.290416 1.666000 -0.490000 -1.372000
1643015990.314651 0.313091 0.296558 0.290392 1.666000 -0.490000 -1.372000
1643015990.346934 0.313162 0.296534 0.290345 1.666000 -0.392000 -1.372000
1643015990.380164 0.313210 0.296534 0.290298 1.666000 -0.392000 -1.372000
1643015990.414718 0.313280 0.296511 0.290250 1.666000 -0.392000 -1.372000
1643015990.447939 0.313328 0.296487 0.290203 1.666000 -0.392000 -1.372000
1643015990.481427 0.313399 0.296487 0.290156 1.666000 -0.490000 -1.372000
1643015990.515194 0.313446 0.296463 0.290132 1.666000 -0.490000 -1.372000
1643015990.547190 0.313517 0.296440 0.290085 1.666000 -0.490000 -1.372000
1643015990.581621 0.313564 0.296416 0.290038 1.666000 -0.490000 -1.372000
1643015990.613372 0.313611 0.296416 0.290014 1.764000 -0.490000 -1.470000
1643015990.646704 0.313659 0.296393 0.289967 1.764000 -0.490000 -1.470000
1643015990.683259 0.313730 0.296393 0.289919 1.764000 -0.490000 -1.470000
1643015990.717751 0.313777 0.296369 0.289896 1.764000 -0.490000 -1.470000
1643015990.751277 0.313824 0.296345 0.289848 1.764000 -0.490000 -1.470000
1643015990.782562 0.313872 0.296345 0.289825 1.764000 -0.490000 -1.470000
1643015990.814769 0.313919 0.296322 0.289777 1.764000 -0.490000 -1.470000
1643015990.848662 0.313966 0.296322 0.289754 1.764000 -0.490000 -1.568000
1643015990.880835 0.314013 0.296298 0.289707 1.764000 -0.490000 -1.568000
1643015990.913043 0.314037 0.296298 0.289683 1.764000 -0.490000 -1.568000
1643015990.947352 0.314084 0.296274 0.289659 1.764000 -0.490000 -1.568000
1643015990.980900 0.314132 0.296274 0.289612 1.764000 -0.490000 -1.568000
1643015991.015023 0.314179 0.296251 0.289588 1.764000 -0.490000 -1.568000
1643015991.048617 0.314226 0.296227 0.289565 1.764000 -0.490000 -1.568000
1643015991.082005 0.314250 0.296227 0.289541 1.764000 -0.490000 -1.568000
1643015991.122409 0.314297 0.296227 0.289494 1.862000 -0.490000 -1.568000
1643015991.151425 0.314321 0.296203 0.289470 1.862000 -0.490000 -1.568000
1643015991.186021 0.314368 0.296203 0.289447 1.862000 -0.490000 -1.568000
1643015991.216417 0.314392 0.296180 0.289423 1.862000 -0.490000 -1.568000
1643015991.248021 0.314439 0.296180 0.289399 1.862000 -0.490000 -1.568000
1643015991.280383 0.314463 0.296156 0.289376 1.862000 -0.490000 -1.568000
1643015991.313686 0.314510 0.296156 0.289352 1.862000 -0.490000 -1.568000
1643015991.346914 0.314533 0.296156 0.289328 1.862000 -0.490000 -1.568000
1643015991.380442 0.314557 0.296133 0.289305 1.862000 -0.588000 -1.666000
1643015991.413661 0.314581 0.296133 0.289305 1.862000 -0.588000 -1.666000
1643015991.447897 0.314604 0.296133 0.289281 1.862000 -0.588000 -1.666000
1643015991.480345 0.314652 0.296109 0.289257 1.862000 -0.588000 -1.666000
1643015991.515768 0.314675 0.296109 0.289234 1.862000 -0.588000 -1.666000
1643015991.547041 0.314699 0.296109 0.289210 1.862000 -0.588000 -1.666000
1643015991.580433 0.314723 0.296109 0.289186 1.862000 -0.588000 -1.666000
1643015991.620671 0.314746 0.296085 0.289186 1.862000 -0.588000 -1.666000
1643015991.649821 0.314770 0.296085 0.289163 1.862000 -0.588000 -1.666000
1643015991.682305 0.314770 0.296085 0.289139 1.862000 -0.588000 -1.666000
1643015991.714676 0.314793 0.296062 0.289139 1.862000 -0.588000 -1.666000
1643015991.749319 0.314817 0.296062 0.289116 1.862000 -0.588000 -1.666000
1643015991.779651 0.314841 0.296062 0.289116 1.862000 -0.588000 -1.666000
1643015991.814939 0.314864 0.296062 0.289092 1.862000 -0.588000 -1.666000
1643015991.847428 0.314864 0.296062 0.289068 1.862000 -0.588000 -1.666000
1643015991.880770 0.314888 0.296038 0.289068 1.862000 -0.588000 -1.666000
1643015991.915275 0.314912 0.296038 0.289045 1.862000 -0.588000 -1.666000
1643015991.946919 0.314935 0.296038 0.289045 1.862000 -0.588000 -1.666000
1643015991.981160 0.314935 0.296038 0.289021 1.862000 -0.588000 -1.666000
1643015992.013640 0.314959 0.296038 0.289021 1.862000 -0.588000 -1.666000
1643015992.046909 0.314959 0.296014 0.288997 1.862000 -0.588000 -1.666000
1643015992.083226 0.314983 0.296014 0.288997 1.862000 -0.588000 -1.666000
1643015992.117450 0.314983 0.296014 0.288997 1.862000 -0.588000 -1.666000
1643015992.151527 0.315006 0.296014 0.288974 1.862000 -0.588000 -1.666000
1643015992.180514 0.315006 0.296014 0.288974 1.862000 -0.588000 -1.666000
1643015992.212821 0.315030 0.296014 0.288974 1.862000 -0.588000 -1.666000
1643015992.247385 0.315030 0.296014 0.288974 1.862000 -0.588000 -1.666000
1643015992.280508 0.315030 0.296014 0.288950 1.862000 -0.588000 -1.666000
1643015992.313907 0.315054 0.296014 0.288950 1.862000 -0.588000 -1.666000
1643015992.348154 0.315054 0.296014 0.288950 1.862000 -0.588000 -1.666000
1643015992.380645 0.315054 0.295991 0.288950 1.862000 -0.588000 -1.764000
1643015992.413169 0.315054 0.295991 0.288926 1.862000 -0.588000 -1.764000
1643015992.447228 0.315077 0.295991 0.288926 1.862000 -0.588000 -1.764000
1643015992.480769 0.315077 0.295991 0.288926 1.862000 -0.588000 -1.764000
1643015992.513059 0.315077 0.295991 0.288926 1.862000 -0.588000 -1.764000
1643015992.550983 0.315077 0.295991 0.288926 1.862000 -0.588000 -1.764000
1643015992.579636 0.315077 0.295991 0.288926 1.862000 -0.588000 -1.764000
1643015992.614986 0.315101 0.295991 0.288926 1.862000 -0.588000 -1.764000
1643015992.647516 0.315101 0.295991 0.288926 1.960000 -0.588000 -1.764000
1643015992.680746 0.315101 0.295991 0.288903 1.960000 -0.588000 -1.764000
1643015992.713927 0.315101 0.295991 0.288903 1.960000 -0.588000 -1.764000
1643015992.748545 0.315101 0.295991 0.288903 1.960000 -0.588000 -1.764000
1643015992.780743 0.315101 0.295991 0.288903 1.960000 -0.588000 -1.764000
1643015992.814130 0.315101 0.295991 0.288903 1.960000 -0.588000 -1.764000
1643015992.847155 0.315101 0.295991 0.288903 1.960000 -0.588000 -1.764000
1643015992.881692 0.315101 0.295991 0.288903 1.960000 -0.588000 -1.764000
1643015992.913835 0.315101 0.295991 0.288903 1.960000 -0.588000 -1.764000
1643015992.949194 0.315101 0.295991 0.288903 1.960000 -0.588000 -1.764000
1643015992.980606 0.315101 0.295991 0.288903 1.960000 -0.588000 -1.764000
1643015993.014074 0.315101 0.295991 0.288903 1.960000 -0.588000 -1.764000
1643015993.047404 0.315101 0.295991 0.288903 1.960000 -0.588000 -1.764000
1643015993.080633 0.315101 0.295991 0.288903 1.960000 -0.588000 -1.764000
1643015993.112916 0.315101 0.295991 0.288903 1.960000 -0.588000 -1.764000
1643015993.147549 0.315101 0.295991 0.288926 1.960000 -0.588000 -1.764000
1643015993.180712 0.315101 0.295991 0.288926 1.960000 -0.588000 -1.764000
1643015993.214200 0.315101 0.295991 0.288926 1.960000 -0.588000 -1.764000
1643015993.252245 0.315101 0.295991 0.288903 1.960000 -0.588000 -1.764000
1643015993.285717 0.315101 0.295991 0.288903 1.960000 -0.588000 -1.764000
1643015993.319864 0.315101 0.295991 0.288903 1.960000 -0.588000 -1.764000
1643015993.356000 0.315101 0.295991 0.288903 1.960000 -0.588000 -1.764000
1643015993.392850 0.315101 0.295991 0.288903 1.960000 -0.588000 -1.764000
1643015993.420886 0.315101 0.295991 0.288903 1.960000 -0.588000 -1.764000
1643015993.453192 0.315101 0.295991 0.288903 1.960000 -0.588000 -1.764000
1643015993.485512 0.315101 0.295991 0.288903 1.960000 -0.588000 -1.764000
1643015993.519161 0.315101 0.295991 0.288903 1.960000 -0.588000 -1.764000
1643015993.552350 0.315101 0.295991 0.288903 1.960000 -0.588000 -1.764000
1643015993.586671 0.315101 0.295991 0.288903 1.960000 -0.588000 -1.764000
1643015993.619013 0.315101 0.295991 0.288903 1.960000 -0.588000 -1.764000
1643015993.652525 0.315101 0.295991 0.288926 1.960000 -0.588000 -1.764000
1643015993.686268 0.315101 0.295991 0.288926 1.960000 -0.588000 -1.764000
1643015993.718980 0.315101 0.295991 0.288926 1.960000 -0.588000 -1.764000
1643015993.754154 0.315101 0.295991 0.288903 1.960000 -0.588000 -1.764000
1643015993.785676 0.315077 0.295991 0.288903 1.960000 -0.588000 -1.764000
1643015993.820888 0.315077 0.295991 0.288926 1.960000 -0.588000 -1.764000
1643015993.854130 0.315077 0.295991 0.288926 1.960000 -0.588000 -1.764000
1643015993.885825 0.315077 0.296014 0.288926 1.960000 -0.588000 -1.764000
1643015993.918968 0.315077 0.296014 0.288926 1.960000 -0.588000 -1.764000
1643015993.952209 0.315077 0.296014 0.288926 1.960000 -0.588000 -1.764000
1643015993.985412 0.315054 0.296014 0.288926 1.960000 -0.588000 -1.764000
1643015994.018907 0.315054 0.295991 0.288926 2.058000 -0.588000 -1.764000
1643015994.051216 0.315054 0.295991 0.288926 2.058000 -0.588000 -1.764000
1643015994.085565 0.315054 0.296014 0.288950 2.058000 -0.588000 -1.764000
1643015994.121599 0.315030 0.296014 0.288950 2.058000 -0.588000 -1.764000
1643015994.152462 0.315030 0.296014 0.288950 2.058000 -0.588000 -1.666000
1643015994.185635 0.315006 0.296014 0.288974 2.058000 -0.588000 -1.666000
1643015994.218390 0.315006 0.296014 0.288974 2.058000 -0.588000 -1.666000
1643015994.253884 0.315006 0.296014 0.288974 2.058000 -0.588000 -1.666000
1643015994.285620 0.314983 0.296014 0.288974 2.058000 -0.588000 -1.666000
1643015994.318766 0.314983 0.296014 0.288997 2.058000 -0.588000 -1.666000
1643015994.352133 0.314983 0.296014 0.288997 2.058000 -0.588000 -1.666000
1643015994.385623 0.314959 0.296038 0.288997 2.058000 -0.588000 -1.666000
1643015994.419081 0.314935 0.296038 0.289021 2.058000 -0.588000 -1.666000
1643015994.452207 0.314935 0.296038 0.289021 2.058000 -0.588000 -1.666000
1643015994.486613 0.314912 0.296038 0.289045 2.058000 -0.588000 -1.666000
1643015994.519340 0.314912 0.296038 0.289045 2.058000 -0.588000 -1.666000
1643015994.553389 0.314888 0.296038 0.289068 2.058000 -0.588000 -1.666000
1643015994.585877 0.314864 0.296062 0.289068 2.058000 -0.588000 -1.666000
1643015994.619228 0.314864 0.296062 0.289092 2.058000 -0.588000 -1.666000
1643015994.652660 0.314841 0.296062 0.289092 2.058000 -0.490000 -1.666000
1643015994.686977 0.314817 0.296062 0.289116 2.058000 -0.490000 -1.666000
1643015994.719010 0.314793 0.296085 0.289116 2.058000 -0.490000 -1.666000
1643015994.754092 0.314770 0.296085 0.289139 2.058000 -0.490000 -1.666000
1643015994.790590 0.314746 0.296085 0.289163 2.058000 -0.490000 -1.666000
1643015994.820093 0.314723 0.296085 0.289163 2.058000 -0.490000 -1.666000
1643015994.853077 0.314699 0.296085 0.289186 2.058000 -0.490000 -1.666000
1643015994.886649 0.314675 0.296109 0.289210 2.058000 -0.490000 -1.666000
1643015994.920967 0.314652 0.296109 0.289234 2.058000 -0.490000 -1.666000
1643015994.953132 0.314628 0.296109 0.289234 2.058000 -0.490000 -1.666000
1643015994.986515 0.314604 0.296133 0.289257 2.058000 -0.490000 -1.666000
1643015995.019777 0.314581 0.296133 0.289281 2.058000 -0.490000 -1.666000
1643015995.053273 0.314557 0.296133 0.289305 2.058000 -0.588000 -1.666000
1643015995.085545 0.314510 0.296156 0.289328 2.058000 -0.588000 -1.666000
1643015995.120797 0.314486 0.296156 0.289352 2.058000 -0.588000 -1.666000
1643015995.152612 0.314463 0.296156 0.289376 2.058000 -0.490000 -1.568000
1643015995.188115 0.314415 0.296180 0.289399 2.058000 -0.490000 -1.568000
1643015995.222742 0.314392 0.296180 0.289423 2.058000 -0.490000 -1.568000
1643015995.255089 0.314344 0.296203 0.289447 2.058000 -0.490000 -1.568000
1643015995.286678 0.314321 0.296203 0.289494 2.058000 -0.490000 -1.568000
1643015995.318715 0.314273 0.296203 0.289517 2.058000 -0.490000 -1.568000
1643015995.352263 0.314250 0.296227 0.289541 2.058000 -0.490000 -1.568000
1643015995.385646 0.314202 0.296227 0.289565 2.058000 -0.490000 -1.568000
1643015995.419868 0.314155 0.296251 0.289588 2.156000 -0.490000 -1.568000
1643015995.453652 0.314132 0.296251 0.289636 2.156000 -0.490000 -1.568000
1643015995.486492 0.314084 0.296251 0.289659 2.156000 -0.490000 -1.568000
1643015995.521700 0.314037 0.296274 0.289683 2.156000 -0.490000 -1.568000
1643015995.552226 0.313990 0.296274 0.289707 2.156000 -0.490000 -1.568000
1643015995.585509 0.313942 0.296298 0.289754 2.156000 -0.490000 -1.568000
1643015995.617841 0.313895 0.296322 0.289777 2.156000 -0.490000 -1.568000
1643015995.653115 0.313848 0.296322 0.289825 2.156000 -0.490000 -1.568000
1643015995.685653 0.313801 0.296345 0.289848 2.156000 -0.490000 -1.568000
1643015995.719197 0.313753 0.296345 0.289896 2.156000 -0.490000 -1.568000
1643015995.751566 0.313706 0.296369 0.289919 2.156000 -0.490000 -1.568000
1643015995.785817 0.313659 0.296369 0.289967 2.156000 -0.490000 -1.568000
1643015995.819451 0.313588 0.296393 0.290014 2.156000 -0.490000 -1.568000
1643015995.852634 0.313541 0.296393 0.290038 2.156000 -0.490000 -1.568000
1643015995.886808 0.313493 0.296416 0.290085 2.156000 -0.490000 -1.568000
1643015995.918387 0.313446 0.296440 0.290132 2.156000 -0.490000 -1.568000
1643015995.951617 0.313375 0.296440 0.290156 2.156000 -0.490000 -1.568000
1643015995.985962 0.313328 0.296463 0.290203 2.156000 -0.490000 -1.568000
1643015996.018220 0.313257 0.296463 0.290250 2.156000 -0.490000 -1.568000
1643015996.052814 0.313186 0.296487 0.290298 2.156000 -0.490000 -1.568000
1643015996.086886 0.313139 0.296511 0.290345 2.156000 -0.490000 -1.568000
1643015996.122198 0.313068 0.296534 0.290392 2.156000 -0.490000 -1.568000
1643015996.153935 0.313020 0.296534 0.290439 2.156000 -0.490000 -1.568000
1643015996.191026 0.312950 0.296558 0.290487 2.156000 -0.392000 -1.568000
1643015996.218279 0.312879 0.296582 0.290534 2.156000 -0.392000 -1.568000
1643015996.251649 0.312808 0.296605 0.290581 2.156000 -0.392000 -1.568000
1643015996.286047 0.312760 0.296605 0.290629 2.156000 -0.392000 -1.568000
1643015996.319626 0.312689 0.296629 0.290676 2.156000 -0.392000 -1.470000
1643015996.352797 0.312619 0.296653 0.290723 2.156000 -0.392000 -1.470000
1643015996.386129 0.312548 0.296676 0.290770 2.156000 -0.392000 -1.470000
1643015996.418974 0.312477 0.296676 0.290841 2.254000 -0.392000 -1.470000
1643015996.451904 0.312406 0.296700 0.290889 2.254000 -0.392000 -1.470000
1643015996.485239 0.312311 0.296724 0.290936 2.254000 -0.392000 -1.470000
1643015996.518668 0.312240 0.296747 0.291007 2.254000 -0.392000 -1.470000
1643015996.561169 0.312169 0.296771 0.291054 2.254000 -0.392000 -1.470000
1643015996.589640 0.312098 0.296794 0.291101 2.254000 -0.392000 -1.470000
1643015996.623670 0.312004 0.296818 0.291172 2.254000 -0.392000 -1.470000
1643015996.653249 0.311933 0.296818 0.291220 2.254000 -0.392000 -1.470000
1643015996.689022 0.311862 0.296842 0.291290 2.254000 -0.392000 -1.470000
1643015996.719826 0.311791 0.296865 0.291338 2.254000 -0.392000 -1.470000
1643015996.753638 0.311697 0.296889 0.291385 2.254000 -0.392000 -1.470000
1643015996.785934 0.311626 0.296913 0.291456 2.254000 -0.392000 -1.470000
1643015996.818535 0.311555 0.296936 0.291503 2.254000 -0.392000 -1.470000
1643015996.853573 0.311460 0.296960 0.291574 2.254000 -0.392000 -1.470000
1643015996.885004 0.311389 0.296984 0.291621 2.254000 -0.392000 -1.470000
1643015996.918367 0.311295 0.297007 0.291692 2.254000 -0.392000 -1.470000
1643015996.952877 0.311200 0.297031 0.291763 2.254000 -0.294000 -1.372000
1643015996.989493 0.311129 0.297055 0.291811 2.254000 -0.294000 -1.372000
1643015997.021796 0.311035 0.297078 0.291881 2.254000 -0.294000 -1.372000
1643015997.056275 0.310940 0.297102 0.291952 2.254000 -0.294000 -1.372000
1643015997.089036 0.310846 0.297125 0.292023 2.254000 -0.294000 -1.372000
1643015997.119439 0.310775 0.297149 0.292071 2.254000 -0.294000 -1.372000
1643015997.152802 0.310680 0.297149 0.292142 2.254000 -0.294000 -1.372000
1643015997.187304 0.310585 0.297173 0.292212 2.254000 -0.294000 -1.372000
1643015997.219482 0.310491 0.297220 0.292283 2.254000 -0.294000 -1.372000
1643015997.252799 0.310396 0.297244 0.292331 2.254000 -0.294000 -1.372000
1643015997.285351 0.310325 0.297267 0.292402 2.254000 -0.294000 -1.372000
1643015997.318816 0.310231 0.297291 0.292473 2.352000 -0.294000 -1.372000
1643015997.352138 0.310136 0.297315 0.292543 2.352000 -0.294000 -1.372000
1643015997.385502 0.310042 0.297338 0.292614 2.352000 -0.294000 -1.372000
1643015997.424509 0.309947 0.297362 0.292685 2.352000 -0.294000 -1.372000
1643015997.458503 0.309853 0.297385 0.292756 2.254000 -0.294000 -1.372000
1643015997.489181 0.309734 0.297409 0.292827 2.254000 -0.294000 -1.372000
1643015997.520872 0.309640 0.297433 0.292898 2.254000 -0.294000 -1.372000
1643015997.552355 0.309545 0.297456 0.292969 2.254000 -0.294000 -1.372000
1643015997.586931 0.309451 0.297480 0.293040 2.352000 -0.294000 -1.372000
1643015997.619052 0.309356 0.297504 0.293111 2.352000 -0.294000 -1.372000
1643015997.652439 0.309262 0.297551 0.293182 2.352000 -0.294000 -1.372000
1643015997.686966 0.309167 0.297575 0.293253 2.352000 -0.196000 -1.274000
1643015997.723419 0.309072 0.297598 0.293347 2.352000 -0.196000 -1.274000
1643015997.751951 0.308978 0.297622 0.293394 2.352000 -0.196000 -1.274000
1643015997.785442 0.308883 0.297646 0.293465 2.352000 -0.196000 -1.274000
1643015997.818946 0.308765 0.297669 0.293536 2.352000 -0.196000 -1.274000
1643015997.852157 0.308671 0.297693 0.293631 2.352000 -0.196000 -1.274000
1643015997.888741 0.308576 0.297716 0.293702 2.352000 -0.196000 -1.274000
1643015997.923974 0.308458 0.297764 0.293773 2.352000 -0.196000 -1.274000
1643015997.959304 0.308340 0.297787 0.293844 2.352000 -0.196000 -1.274000
1643015997.986555 0.308269 0.297811 0.293915 2.352000 -0.196000 -1.274000
1643015998.019037 0.308174 0.297835 0.293986 2.352000 -0.196000 -1.274000
1643015998.053308 0.308080 0.297858 0.294056 2.352000 -0.196000 -1.274000
1643015998.086818 0.307961 0.297882 0.294127 2.352000 -0.196000 -1.274000
1643015998.119114 0.307867 0.297906 0.294198 2.352000 -0.196000 -1.274000
1643015998.152534 0.307772 0.297929 0.294269 2.352000 -0.196000 -1.274000
1643015998.186721 0.307654 0.297976 0.294364 2.352000 -0.196000 -1.274000
1643015998.220265 0.307559 0.298000 0.294435 2.450000 -0.196000 -1.274000
1643015998.252521 0.307465 0.298024 0.294506 2.450000 -0.196000 -1.274000
1643015998.291886 0.307370 0.298047 0.294577 2.450000 -0.196000 -1.274000
1643015998.323588 0.307276 0.298071 0.294647 2.450000 -0.098000 -1.274000
1643015998.362237 0.307134 0.298095 0.294742 2.450000 -0.098000 -1.274000
1643015998.389607 0.307063 0.298118 0.294813 2.450000 -0.098000 -1.274000
1643015998.419077 0.306968 0.298142 0.294860 2.450000 -0.098000 -1.274000
1643015998.452787 0.306850 0.298189 0.294931 2.450000 -0.098000 -1.176000
1643015998.485058 0.306756 0.298213 0.295002 2.450000 -0.098000 -1.176000
1643015998.519292 0.306661 0.298237 0.295097 2.450000 -0.098000 -1.176000
1643015998.552694 0.306567 0.298260 0.295168 2.450000 -0.098000 -1.176000
1643015998.586173 0.306472 0.298284 0.295238 2.450000 -0.098000 -1.176000
1643015998.620372 0.306354 0.298307 0.295309 2.450000 -0.098000 -1.176000
1643015998.652653 0.306259 0.298331 0.295380 2.450000 -0.098000 -1.176000
1643015998.686177 0.306165 0.298355 0.295451 2.450000 -0.098000 -1.176000
1643015998.718799 0.306070 0.298402 0.295522 2.450000 -0.098000 -1.176000
1643015998.755230 0.305976 0.298426 0.295593 2.450000 -0.098000 -1.176000
1643015998.787472 0.305881 0.298449 0.295664 2.450000 -0.098000 -1.176000
1643015998.821391 0.305763 0.298473 0.295759 2.450000 -0.098000 -1.176000
1643015998.856006 0.305668 0.298497 0.295829 2.450000 -0.098000 -1.176000
1643015998.886237 0.305574 0.298520 0.295877 2.450000 -0.098000 -1.176000
1643015998.918633 0.305479 0.298544 0.295948 2.450000 -0.098000 -1.176000
1643015998.952135 0.305385 0.298568 0.296019 2.450000 -0.098000 -1.176000
1643015998.986883 0.305290 0.298591 0.296090 2.450000 -0.098000 -1.078000
1643015999.020184 0.305195 0.298615 0.296160 2.450000 -0.098000 -1.078000
1643015999.052606 0.305101 0.298638 0.296231 2.450000 -0.098000 -1.078000
1643015999.086168 0.305006 0.298662 0.296302 2.450000 -0.098000 -1.078000
1643015999.119358 0.304935 0.298686 0.296373 2.450000 -0.098000 -1.078000
1643015999.152779 0.304841 0.298733 0.296444 2.450000 -0.098000 -1.078000
1643015999.189791 0.304746 0.298757 0.296515 2.450000 -0.098000 -1.078000
1643015999.226725 0.304628 0.298780 0.296586 2.450000 -0.098000 -1.078000
1643015999.255753 0.304557 0.298804 0.296633 2.450000 -0.098000 -1.078000
1643015999.286188 0.304463 0.298804 0.296704 2.450000 -0.098000 -1.078000
1643015999.319504 0.304368 0.298828 0.296775 2.450000 -0.098000 -1.078000
1643015999.352977 0.304297 0.298851 0.296822 2.450000 0.000000 -1.078000
1643015999.386242 0.304202 0.298875 0.296893 2.450000 0.000000 -1.078000
1643015999.419425 0.304108 0.298898 0.296964 2.450000 0.000000 -1.078000
1643015999.452811 0.304013 0.298946 0.297035 2.450000 0.000000 -1.078000
1643015999.486704 0.303942 0.298969 0.297082 2.450000 0.000000 -1.078000
1643015999.519431 0.303848 0.298969 0.297153 2.450000 0.000000 -1.078000
1643015999.553710 0.303753 0.298993 0.297224 2.450000 0.000000 -1.078000
1643015999.585127 0.303682 0.299017 0.297272 2.450000 0.000000 -1.078000
1643015999.622319 0.303588 0.299040 0.297342 2.450000 0.000000 -1.078000
1643015999.655283 0.303517 0.299064 0.297390 2.450000 0.000000 -1.078000
1643015999.687772 0.303446 0.299088 0.297461 2.450000 0.000000 -1.078000
1643015999.719224 0.303351 0.299111 0.297508 2.450000 0.000000 -1.078000
1643015999.752376 0.303280 0.299135 0.297579 2.450000 0.000000 -1.078000
1643015999.785855 0.303210 0.299159 0.297626 2.450000 0.000000 -1.078000
1643015999.820138 0.303115 0.299182 0.297697 2.450000 0.000000 -1.078000
1643015999.853673 0.303044 0.299182 0.297744 2.450000 0.000000 -0.980000
1643015999.885864 0.302973 0.299206 0.297792 2.450000 0.000000 -0.980000
1643015999.918263 0.302902 0.299229 0.297863 2.450000 0.000000 -0.980000
1643015999.953545 0.302808 0.299253 0.297910 2.450000 0.000000 -0.980000
1643015999.985149 0.302737 0.299277 0.297957 2.352000 0.000000 -0.980000
1643016000.018262 0.302666 0.299300 0.298004 2.352000 0.000000 -0.980000
1643016000.052795 0.302595 0.299300 0.298075 2.352000 0.000000 -0.980000
1643016000.086403 0.302524 0.299324 0.298123 2.352000 0.000000 -0.980000
1643016000.123144 0.302453 0.299348 0.298170 2.352000 0.000000 -0.980000
1643016000.152663 0.302406 0.299371 0.298217 2.352000 0.000000 -0.980000
1643016000.186172 0.302335 0.299371 0.298264 2.352000 0.000000 -0.980000
1643016000.219442 0.302264 0.299395 0.298312 2.352000 0.000000 -0.980000
1643016000.253932 0.302193 0.299419 0.298359 2.352000 0.000000 -0.980000
1643016000.285137 0.302146 0.299419 0.298406 2.352000 0.000000 -0.980000
1643016000.318518 0.302075 0.299442 0.298454 2.352000 0.000000 -0.980000
1643016000.351995 0.302004 0.299466 0.298501 2.352000 0.000000 -0.980000
1643016000.386697 0.301957 0.299489 0.298548 2.352000 0.000000 -0.980000
1643016000.419644 0.301886 0.299489 0.298595 2.352000 0.000000 -0.980000
1643016000.452875 0.301838 0.299513 0.298643 2.352000 0.000000 -0.980000
1643016000.486504 0.301767 0.299537 0.298666 2.352000 0.000000 -0.980000
1643016000.518783 0.301720 0.299537 0.298714 2.352000 0.000000 -0.980000
1643016000.555265 0.301649 0.299560 0.298761 2.352000 0.000000 -0.980000
1643016000.590468 0.301602 0.299560 0.298808 2.352000 0.000000 -0.980000
1643016000.624856 0.301531 0.299584 0.298855 2.352000 0.000000 -0.980000
1643016000.652097 0.301507 0.299608 0.298879 2.352000 0.000000 -0.980000
1643016000.687457 0.301437 0.299608 0.298903 2.352000 0.000000 -0.980000
1643016000.719017 0.301389 0.299631 0.298950 2.352000 0.000000 -0.980000
1643016000.753682 0.301342 0.299631 0.298997 2.352000 0.000000 -0.882000
1643016000.786798 0.301295 0.299655 0.299021 2.352000 0.000000 -0.882000
1643016000.820106 0.301247 0.299679 0.299068 2.352000 0.000000 -0.882000
1643016000.852479 0.301200 0.299679 0.299092 2.352000 0.000000 -0.882000
1643016000.888146 0.301153 0.299702 0.299116 2.254000 0.000000 -0.882000
1643016000.918404 0.301129 0.299702 0.299163 2.254000 0.000000 -0.882000
1643016000.953046 0.301082 0.299702 0.299186 2.254000 0.000000 -0.882000
1643016000.993217 0.301035 0.299726 0.299234 2.254000 0.000000 -0.882000
1643016001.022079 0.300987 0.299750 0.299257 2.254000 0.000000 -0.882000
1643016001.055508 0.300940 0.299750 0.299281 2.254000 0.000000 -0.882000
1643016001.084971 0.300916 0.299750 0.299305 2.254000 0.000000 -0.882000
1643016001.119452 0.300869 0.299773 0.299328 2.254000 0.000000 -0.882000
1643016001.152585 0.300846 0.299773 0.299376 2.254000 0.000000 -0.882000
1643016001.186025 0.300798 0.299797 0.299399 2.254000 0.000000 -0.882000
1643016001.218494 0.300775 0.299797 0.299423 2.254000 0.000000 -0.882000
1643016001.253233 0.300727 0.299820 0.299447 2.254000 0.000000 -0.882000
1643016001.286996 0.300704 0.299820 0.299470 2.254000 0.000000 -0.882000
1643016001.319875 0.300656 0.299820 0.299494 2.254000 0.000000 -0.882000
1643016001.353322 0.300633 0.299820 0.299517 2.254000 0.000000 -0.882000
1643016001.385830 0.300609 0.299844 0.299517 2.254000 0.000000 -0.882000
1643016001.419124 0.300585 0.299844 0.299541 2.254000 0.000000 -0.882000
1643016001.454739 0.300538 0.299868 0.299565 2.254000 0.000000 -0.882000
1643016001.489129 0.300515 0.299868 0.299588 2.254000 0.000000 -0.882000
1643016001.523526 0.300491 0.299868 0.299612 2.254000 0.000000 -0.882000
1643016001.551832 0.300467 0.299868 0.299636 2.254000 0.000000 -0.882000
1643016001.585110 0.300444 0.299891 0.299636 2.254000 0.000000 -0.882000
1643016001.619083 0.300420 0.299891 0.299659 2.254000 0.000000 -0.882000
1643016001.652971 0.300396 0.299891 0.299683 2.254000 0.000000 -0.882000
1643016001.686381 0.300373 0.299891 0.299707 2.254000 0.000000 -0.882000
1643016001.718679 0.300373 0.299915 0.299707 2.254000 0.000000 -0.882000
1643016001.753304 0.300349 0.299915 0.299730 2.254000 0.000000 -0.882000
1643016001.786330 0.300325 0.299915 0.299730 2.254000 0.000000 -0.882000
1643016001.818692 0.300302 0.299915 0.299754 2.254000 0.000000 -0.882000
1643016001.852154 0.300278 0.299915 0.299777 2.254000 0.000000 -0.882000
1643016001.892431 0.300278 0.299939 0.299777 2.254000 0.000000 -0.882000
1643016001.922185 0.300254 0.299939 0.299801 2.254000 0.000000 -0.882000
1643016001.954627 0.300231 0.299939 0.299801 2.254000 0.000000 -0.882000
1643016001.986953 0.300231 0.299939 0.299825 2.254000 0.000000 -0.882000
1643016002.020524 0.300207 0.299939 0.299825 2.254000 0.000000 -0.882000
1643016002.052731 0.300207 0.299939 0.299825 2.254000 0.000000 -0.882000
1643016002.087116 0.300184 0.299962 0.299848 2.254000 0.000000 -0.882000
1643016002.120451 0.300184 0.299962 0.299848 2.254000 0.000000 -0.882000
1643016002.152926 0.300160 0.299962 0.299848 2.254000 0.000000 -0.882000
1643016002.186228 0.300160 0.299962 0.299872 2.254000 0.000000 -0.882000
1643016002.220785 0.300136 0.299962 0.299872 2.254000 0.000000 -0.882000
1643016002.252430 0.300136 0.299962 0.299872 2.254000 0.000000 -0.882000
1643016002.285710 0.300136 0.299962 0.299896 2.254000 0.000000 -0.882000
1643016002.319321 0.300113 0.299962 0.299896 2.254000 0.000000 -0.882000
1643016002.355297 0.300113 0.299962 0.299896 2.254000 0.000000 -0.882000
1643016002.390459 0.300113 0.299986 0.299896 2.254000 0.000000 -0.882000
1643016002.419915 0.300089 0.299986 0.299896 2.254000 0.000000 -0.882000
1643016002.453351 0.300089 0.299986 0.299919 2.254000 0.000000 -0.882000
1643016002.485855 0.300089 0.299986 0.299919 2.254000 0.000000 -0.882000
1643016002.519471 0.300089 0.299986 0.299919 2.254000 0.000000 -0.882000
1643016002.552452 0.300089 0.299986 0.299919 2.254000 0.000000 -0.882000
1643016002.585905 0.300089 0.299986 0.299919 2.254000 0.000000 -0.882000
1643016002.619205 0.300089 0.299986 0.299919 2.254000 0.000000 -0.882000
1643016002.652733 0.300089 0.299986 0.299919 2.254000 0.000000 -0.882000
1643016002.685898 0.300089 0.299986 0.299919 2.254000 0.000000 -0.882000
1643016002.719308 0.300065 0.299962 0.299919 2.254000 0.000000 -0.882000
1643016002.756040 0.300065 0.299962 0.299943 2.254000 0.000000 -0.882000
1643016002.790546 0.300065 0.299986 0.299943 2.254000 0.000000 -0.882000
1643016002.821341 0.300065 0.299986 0.299943 2.254000 0.000000 -0.882000
1643016002.853882 0.300065 0.299986 0.299943 2.254000 0.000000 -0.882000
1643016002.887545 0.300065 0.299986 0.299943 2.254000 0.000000 -0.882000
1643016002.917817 0.300065 0.299986 0.299943 2.254000 0.000000 -0.882000
1643016002.952132 0.300065 0.299986 0.299943 2.254000 0.000000 -0.882000
1643016002.985690 0.300065 0.299986 0.299919 2.254000 0.000000 -0.882000
1643016003.019130 0.300065 0.299986 0.299919 2.254000 0.000000 -0.882000
1643016003.052493 0.300065 0.299986 0.299919 2.254000 0.000000 -0.882000
1643016003.085833 0.300042 0.299986 0.299943 2.254000 0.000000 -0.882000
1643016003.120058 0.300042 0.299986 0.299943 2.254000 0.000000 -0.882000
1643016003.153528 0.300042 0.299986 0.299943 2.254000 0.000000 -0.882000
1643016003.186793 0.300065 0.299986 0.299943 2.254000 0.000000 -0.882000
1643016003.219188 0.300065 0.299986 0.299919 2.254000 0.000000 -0.882000
