1643016249.290094 0.299994 0.300010 0.300014 0.000000 0.000000 nan
1643016249.321559 0.299994 0.300010 0.300014 0.000000 0.000000 nan
1643016249.355791 0.299994 0.300010 0.300014 0.000000 0.000000 nan
1643016249.394580 0.299994 0.300010 0.300014 0.000000 0.000000 nan
1643016249.430947 0.299994 0.300010 0.300014 0.000000 0.000000 nan
1643016249.432873 0.299994 0.300010 0.300014 0.000000 0.000000 nan
1643016249.434740 0.299994 0.300010 0.300014 0.000000 0.000000 nan
1643016249.436516 0.299994 0.300010 0.300014 0.000000 0.000000 nan
1643016249.438220 0.299994 0.300010 0.300014 0.000000 0.000000 nan
1643016249.440653 0.299994 0.300010 0.300014 0.000000 0.000000 nan
1643016249.443134 0.299994 0.300010 0.300014 0.000000 0.000000 nan
1643016249.444818 0.299994 0.300010 0.300014 0.000000 0.000000 nan
1643016249.446565 0.299994 0.300010 0.300014 0.000000 0.000000 nan
1643016249.448246 0.299994 0.300010 0.300014 0.000000 0.000000 nan
1643016252.040019 0.299994 0.300010 0.300014 nan 0.000000 0.500000
1643016252.074950 0.299994 0.300010 0.300014 nan 0.000000 0.500000
1643016252.106407 0.299994 0.300010 0.300014 nan 0.000000 0.500000
1643016252.137803 0.299994 0.300010 0.300014 nan 0.000000 0.500000
1643016252.173079 0.299994 0.300010 0.300014 nan 0.000000 0.500000
1643016252.206028 0.299994 0.300010 0.300014 nan 0.000000 0.500000
1643016252.239779 0.299994 0.300010 0.300014 nan 0.000000 0.500000
1643016252.272363 0.299994 0.300010 0.300014 nan 0.000000 0.500000
1643016252.304588 0.299994 0.300010 0.300014 nan 0.000000 0.500000
1643016252.337944 0.299994 0.300010 0.300014 nan 0.000000 0.500000
1643016252.372433 0.299994 0.300010 0.300014 2.254000 0.000000 -0.980000
1643016252.402616 0.299994 0.300010 0.300014 2.254000 0.000000 -0.980000
1643016252.438901 0.299994 0.300010 0.300014 2.254000 0.000000 -0.980000
1643016252.472538 0.299994 0.300010 0.300014 2.254000 0.000000 -0.980000
1643016252.504234 0.299994 0.300010 0.300014 2.254000 0.000000 -0.980000
1643016252.538893 0.299994 0.300010 0.300014 2.254000 0.000000 -0.980000
1643016252.571704 0.299994 0.300010 0.300014 2.254000 0.000000 -0.980000
1643016252.607554 0.299994 0.300010 0.299990 2.254000 0.000000 -0.980000
1643016252.641693 0.299994 0.300010 0.299990 2.156000 0.000000 -0.980000
1643016252.673195 0.299994 0.300034 0.299990 2.156000 0.000000 -0.980000
1643016252.703183 0.299994 0.300034 0.299990 2.156000 0.000000 -0.980000
1643016252.740866 0.300018 0.300034 0.299967 2.156000 0.000000 -0.980000
1643016252.772509 0.300018 0.300034 0.299967 2.156000 0.000000 -0.980000
1643016252.805541 0.300018 0.300034 0.299967 2.156000 0.000000 -0.980000
1643016252.837732 0.300018 0.300034 0.299967 2.156000 0.000000 -0.980000
1643016252.872251 0.300018 0.300057 0.299943 2.156000 0.000000 -0.980000
1643016252.906978 0.300018 0.300057 0.299943 2.156000 0.000000 -0.980000
1643016252.938510 0.300018 0.300057 0.299943 2.156000 0.000000 -0.980000
1643016252.977894 0.300018 0.300057 0.299919 2.156000 0.000000 -0.980000
1643016253.012774 0.300041 0.300057 0.299919 2.156000 0.000000 -0.980000
1643016253.039084 0.300041 0.300081 0.299919 2.156000 0.000000 -0.980000
1643016253.074447 0.300041 0.300081 0.299896 2.156000 0.000000 -0.980000
1643016253.105799 0.300041 0.300081 0.299896 2.156000 0.000000 -0.980000
1643016253.141905 0.300041 0.300105 0.299872 2.156000 0.000000 -0.980000
1643016253.170579 0.300065 0.300105 0.299872 2.156000 0.000000 -0.980000
1643016253.204687 0.300065 0.300105 0.299849 2.156000 0.000000 -0.980000
1643016253.238117 0.300065 0.300105 0.299849 2.156000 0.000000 -0.980000
1643016253.270591 0.300065 0.300128 0.299825 2.156000 0.000000 -0.980000
1643016253.304703 0.300089 0.300128 0.299801 2.156000 0.000000 -0.980000
1643016253.339078 0.300089 0.300152 0.299801 2.156000 0.000000 -0.980000
1643016253.371781 0.300089 0.300152 0.299778 2.156000 0.000000 -0.980000
1643016253.406725 0.300089 0.300175 0.299754 2.156000 0.000000 -0.980000
1643016253.437872 0.300112 0.300175 0.299754 2.156000 0.000000 -0.980000
1643016253.470663 0.300112 0.300175 0.299730 2.156000 0.000000 -0.980000
1643016253.512649 0.300112 0.300199 0.299707 2.156000 0.000000 -0.980000
1643016253.540049 0.300136 0.300199 0.299683 2.156000 0.000000 -0.980000
1643016253.574154 0.300136 0.300223 0.299659 2.156000 0.000000 -0.980000
1643016253.607825 0.300159 0.300246 0.299636 2.156000 0.000000 -0.980000
1643016253.641156 0.300159 0.300246 0.299612 2.156000 0.000000 -0.980000
1643016253.671604 0.300159 0.300270 0.299588 2.156000 0.000000 -0.980000
1643016253.705620 0.300183 0.300294 0.299541 2.156000 0.000000 -0.980000
1643016253.738133 0.300183 0.300294 0.299518 2.156000 0.000000 -0.980000
1643016253.771168 0.300207 0.300317 0.299494 2.156000 0.000000 -1.078000
1643016253.805712 0.300207 0.300341 0.299470 2.156000 0.000000 -1.078000
1643016253.836737 0.300230 0.300341 0.299447 2.156000 0.000000 -1.078000
1643016253.872007 0.300230 0.300365 0.299399 2.156000 0.000000 -1.078000
1643016253.903924 0.300254 0.300388 0.299376 2.156000 0.000000 -1.078000
1643016253.939686 0.300254 0.300412 0.299352 2.156000 0.000000 -1.078000
1643016253.980988 0.300278 0.300436 0.299305 2.156000 0.000000 -1.078000
1643016254.009652 0.300278 0.300459 0.299281 2.156000 0.000000 -1.078000
1643016254.044111 0.300301 0.300483 0.299234 2.156000 0.000000 -1.078000
1643016254.071613 0.300325 0.300506 0.299210 2.156000 0.000000 -1.078000
1643016254.106195 0.300325 0.300530 0.299163 2.156000 0.000000 -1.078000
1643016254.137674 0.300349 0.300530 0.299116 2.156000 0.000000 -1.078000
1643016254.173606 0.300372 0.300554 0.299068 2.156000 0.000000 -1.078000
1643016254.203885 0.300372 0.300577 0.299045 2.156000 0.000000 -1.078000
1643016254.236351 0.300396 0.300625 0.298997 2.156000 0.000000 -1.078000
1643016254.269871 0.300420 0.300648 0.298950 2.156000 0.000000 -1.078000
1643016254.303793 0.300443 0.300672 0.298927 2.156000 0.000000 -1.078000
1643016254.337221 0.300443 0.300696 0.298879 2.156000 0.000000 -1.078000
1643016254.370508 0.300467 0.300719 0.298832 2.156000 0.000000 -1.078000
1643016254.404351 0.300490 0.300743 0.298785 2.156000 0.000000 -1.176000
1643016254.436508 0.300514 0.300790 0.298737 2.156000 0.000000 -1.176000
1643016254.469294 0.300538 0.300814 0.298666 2.156000 0.000000 -1.176000
1643016254.502964 0.300538 0.300837 0.298619 2.156000 0.000000 -1.176000
1643016254.544079 0.300585 0.300885 0.298548 2.156000 0.000000 -1.176000
1643016254.574018 0.300585 0.300908 0.298525 2.156000 0.000000 -1.176000
1643016254.605503 0.300609 0.300956 0.298454 2.156000 0.000000 -1.176000
1643016254.637733 0.300632 0.300979 0.298406 2.156000 0.000000 -1.176000
1643016254.669967 0.300656 0.301003 0.298359 2.156000 0.000000 -1.176000
1643016254.703411 0.300680 0.301050 0.298288 2.156000 0.000000 -1.176000
1643016254.736733 0.300703 0.301074 0.298241 2.156000 0.000000 -1.176000
1643016254.770203 0.300727 0.301121 0.298170 2.156000 0.000000 -1.176000
1643016254.804815 0.300751 0.301145 0.298123 2.156000 0.000000 -1.176000
1643016254.836769 0.300774 0.301192 0.298052 2.156000 0.000000 -1.176000
1643016254.870070 0.300821 0.301216 0.297981 2.156000 0.000000 -1.176000
1643016254.903496 0.300845 0.301263 0.297934 2.156000 0.000000 -1.176000
1643016254.936795 0.300869 0.301310 0.297863 2.156000 0.000000 -1.176000
1643016254.973267 0.300892 0.301358 0.297792 2.156000 0.000000 -1.176000
1643016255.005068 0.300916 0.301381 0.297721 2.156000 0.000000 -1.176000
1643016255.045871 0.300940 0.301428 0.297626 2.156000 0.000000 -1.176000
1643016255.070138 0.300963 0.301476 0.297579 2.156000 0.000000 -1.176000
1643016255.102616 0.300987 0.301499 0.297508 2.156000 0.000000 -1.176000
1643016255.137743 0.301034 0.301547 0.297437 2.156000 0.000000 -1.176000
1643016255.170563 0.301058 0.301594 0.297366 2.156000 0.098000 -1.176000
1643016255.204400 0.301081 0.301641 0.297295 2.156000 0.098000 -1.176000
1643016255.236713 0.301105 0.301688 0.297224 2.156000 0.098000 -1.176000
1643016255.269147 0.301152 0.301736 0.297153 2.156000 0.098000 -1.176000
1643016255.304494 0.301176 0.301783 0.297059 2.156000 0.098000 -1.176000
1643016255.336690 0.301200 0.301830 0.296988 2.156000 0.098000 -1.176000
1643016255.369063 0.301247 0.301878 0.296917 2.156000 0.098000 -1.176000
1643016255.414082 0.301271 0.301925 0.296823 2.156000 0.098000 -1.274000
1643016255.438406 0.301294 0.301972 0.296752 2.156000 0.098000 -1.274000
1643016255.473942 0.301342 0.302019 0.296657 2.156000 0.098000 -1.274000
1643016255.504380 0.301365 0.302067 0.296586 2.156000 0.098000 -1.274000
1643016255.538235 0.301412 0.302114 0.296492 2.156000 0.098000 -1.274000
1643016255.570132 0.301436 0.302161 0.296421 2.156000 0.098000 -1.274000
1643016255.603518 0.301460 0.302209 0.296326 2.156000 0.098000 -1.274000
1643016255.636894 0.301507 0.302256 0.296231 2.156000 0.098000 -1.274000
1643016255.670404 0.301531 0.302327 0.296161 2.058000 0.098000 -1.274000
1643016255.703886 0.301578 0.302374 0.296066 2.058000 0.098000 -1.274000
1643016255.737258 0.301602 0.302421 0.295995 2.058000 0.098000 -1.274000
1643016255.770545 0.301649 0.302469 0.295901 2.058000 0.098000 -1.274000
1643016255.805455 0.301672 0.302540 0.295806 2.058000 0.098000 -1.274000
1643016255.837135 0.301720 0.302587 0.295711 2.058000 0.098000 -1.274000
1643016255.871018 0.301743 0.302634 0.295617 2.058000 0.098000 -1.274000
1643016255.904443 0.301791 0.302705 0.295522 2.058000 0.098000 -1.274000
1643016255.939638 0.301814 0.302752 0.295428 2.058000 0.098000 -1.274000
1643016255.970250 0.301862 0.302823 0.295357 2.058000 0.098000 -1.274000
1643016256.004152 0.301885 0.302871 0.295262 2.058000 0.098000 -1.274000
1643016256.037654 0.301933 0.302918 0.295168 2.058000 0.098000 -1.274000
1643016256.069851 0.301980 0.302989 0.295073 2.058000 0.098000 -1.274000
1643016256.104158 0.302003 0.303036 0.294955 2.058000 0.098000 -1.274000
1643016256.136466 0.302051 0.303083 0.294860 2.058000 0.098000 -1.274000
1643016256.169996 0.302098 0.303154 0.294766 2.058000 0.196000 -1.372000
1643016256.202610 0.302122 0.303201 0.294671 2.058000 0.196000 -1.372000
1643016256.235916 0.302169 0.303272 0.294577 2.058000 0.196000 -1.372000
1643016256.270207 0.302216 0.303320 0.294482 2.058000 0.196000 -1.372000
1643016256.303770 0.302240 0.303391 0.294388 2.058000 0.196000 -1.372000
1643016256.336853 0.302287 0.303438 0.294269 2.058000 0.196000 -1.372000
1643016256.371129 0.302334 0.303509 0.294175 2.058000 0.196000 -1.372000
1643016256.405577 0.302358 0.303556 0.294080 2.058000 0.196000 -1.372000
1643016256.438060 0.302405 0.303627 0.293986 2.058000 0.196000 -1.372000
1643016256.471143 0.302453 0.303698 0.293867 2.058000 0.196000 -1.372000
1643016256.504428 0.302476 0.303745 0.293773 2.058000 0.196000 -1.372000
1643016256.537128 0.302524 0.303816 0.293678 2.058000 0.196000 -1.372000
1643016256.573601 0.302571 0.303863 0.293560 2.058000 0.196000 -1.372000
1643016256.602846 0.302618 0.303934 0.293466 2.058000 0.196000 -1.372000
1643016256.635596 0.302642 0.303982 0.293371 2.058000 0.196000 -1.372000
1643016256.669956 0.302689 0.304053 0.293253 2.058000 0.294000 -1.372000
1643016256.703238 0.302736 0.304100 0.293158 2.058000 0.294000 -1.372000
1643016256.736576 0.302784 0.304171 0.293040 2.058000 0.294000 -1.372000
1643016256.769894 0.302831 0.304242 0.292945 2.058000 0.294000 -1.372000
1643016256.803539 0.302855 0.304289 0.292851 2.058000 0.294000 -1.372000
1643016256.836643 0.302902 0.304360 0.292733 2.058000 0.294000 -1.372000
1643016256.873867 0.302949 0.304431 0.292638 2.058000 0.294000 -1.372000
1643016256.908224 0.302996 0.304502 0.292520 2.058000 0.294000 -1.372000
1643016256.936713 0.303020 0.304549 0.292425 2.058000 0.294000 -1.470000
1643016256.970902 0.303067 0.304620 0.292331 2.058000 0.294000 -1.470000
1643016257.002331 0.303115 0.304667 0.292236 2.058000 0.294000 -1.470000
1643016257.037529 0.303138 0.304738 0.292118 2.058000 0.294000 -1.470000
1643016257.070182 0.303185 0.304809 0.292023 2.058000 0.392000 -1.470000
1643016257.104250 0.303233 0.304856 0.291905 2.058000 0.392000 -1.470000
1643016257.137609 0.303280 0.304927 0.291811 2.058000 0.392000 -1.470000
1643016257.171136 0.303327 0.304998 0.291692 2.058000 0.392000 -1.470000
1643016257.204196 0.303351 0.305045 0.291598 2.058000 0.392000 -1.470000
1643016257.240445 0.303398 0.305116 0.291480 2.058000 0.392000 -1.470000
1643016257.273047 0.303446 0.305164 0.291385 2.058000 0.392000 -1.470000
1643016257.309644 0.303493 0.305235 0.291267 2.058000 0.392000 -1.568000
1643016257.336977 0.303516 0.305306 0.291172 2.058000 0.392000 -1.568000
1643016257.370816 0.303564 0.305353 0.291078 2.058000 0.392000 -1.568000
1643016257.403744 0.303611 0.305424 0.290983 2.058000 0.392000 -1.568000
1643016257.437229 0.303658 0.305471 0.290865 2.058000 0.490000 -1.568000
1643016257.469698 0.303682 0.305542 0.290771 2.058000 0.490000 -1.568000
1643016257.503084 0.303729 0.305613 0.290676 2.058000 0.490000 -1.568000
1643016257.537426 0.303777 0.305660 0.290581 2.058000 0.490000 -1.568000
1643016257.569852 0.303800 0.305731 0.290463 2.058000 0.490000 -1.568000
1643016257.608697 0.303847 0.305778 0.290369 2.058000 0.490000 -1.568000
1643016257.635798 0.303895 0.305849 0.290274 2.058000 0.490000 -1.568000
1643016257.670063 0.303918 0.305897 0.290179 2.058000 0.490000 -1.568000
1643016257.712060 0.303966 0.305967 0.290061 1.960000 0.588000 -1.666000
1643016257.740641 0.304013 0.306015 0.289967 1.960000 0.588000 -1.666000
1643016257.773263 0.304060 0.306086 0.289849 1.960000 0.588000 -1.666000
1643016257.804106 0.304084 0.306157 0.289778 1.960000 0.588000 -1.666000
1643016257.839213 0.304131 0.306204 0.289659 1.960000 0.588000 -1.666000
1643016257.871722 0.304178 0.306251 0.289588 1.960000 0.588000 -1.666000
1643016257.903172 0.304202 0.306322 0.289470 1.960000 0.588000 -1.666000
1643016257.937010 0.304249 0.306369 0.289376 1.960000 0.588000 -1.666000
1643016257.970304 0.304273 0.306440 0.289281 1.960000 0.588000 -1.666000
1643016258.004818 0.304320 0.306488 0.289187 1.960000 0.588000 -1.666000
1643016258.037205 0.304368 0.306558 0.289092 1.960000 0.588000 -1.666000
1643016258.070071 0.304391 0.306606 0.289021 1.960000 0.588000 -1.666000
1643016258.105256 0.304438 0.306653 0.288927 1.960000 0.588000 -1.666000
1643016258.136830 0.304462 0.306700 0.288832 1.960000 0.588000 -1.666000
1643016258.171175 0.304509 0.306771 0.288737 1.960000 0.588000 -1.666000
1643016258.215325 0.304533 0.306819 0.288643 1.960000 0.686000 -1.764000
1643016258.238446 0.304580 0.306866 0.288548 1.960000 0.686000 -1.764000
1643016258.272105 0.304604 0.306937 0.288454 1.960000 0.686000 -1.764000
1643016258.303037 0.304651 0.306984 0.288383 1.960000 0.686000 -1.764000
1643016258.337557 0.304675 0.307031 0.288288 1.960000 0.686000 -1.764000
1643016258.369742 0.304722 0.307079 0.288217 1.960000 0.686000 -1.764000
1643016258.405641 0.304746 0.307126 0.288123 1.960000 0.686000 -1.764000
1643016258.436633 0.304793 0.307197 0.288028 1.862000 0.686000 -1.764000
1643016258.469856 0.304817 0.307244 0.287957 1.862000 0.686000 -1.764000
1643016258.504101 0.304864 0.307291 0.287863 1.862000 0.686000 -1.764000
1643016258.536492 0.304888 0.307339 0.287792 1.862000 0.686000 -1.764000
1643016258.570903 0.304935 0.307386 0.287697 1.862000 0.784000 -1.764000
1643016258.604088 0.304959 0.307433 0.287626 1.862000 0.784000 -1.764000
1643016258.636474 0.304982 0.307480 0.287532 1.862000 0.784000 -1.764000
1643016258.669835 0.305006 0.307528 0.287461 1.862000 0.784000 -1.764000
1643016258.705444 0.305053 0.307575 0.287390 1.862000 0.784000 -1.764000
1643016258.735817 0.305077 0.307622 0.287319 1.862000 0.784000 -1.764000
1643016258.770331 0.305100 0.307670 0.287248 1.862000 0.784000 -1.764000
1643016258.804539 0.305148 0.307693 0.287153 1.862000 0.784000 -1.764000
1643016258.837114 0.305171 0.307740 0.287083 1.862000 0.784000 -1.862000
1643016258.872362 0.305195 0.307788 0.287012 1.862000 0.784000 -1.862000
1643016258.913602 0.305242 0.307835 0.286917 1.862000 0.784000 -1.862000
1643016258.937086 0.305242 0.307882 0.286870 1.862000 0.784000 -1.862000
1643016258.969666 0.305290 0.307906 0.286799 1.862000 0.882000 -1.862000
1643016259.003885 0.305313 0.307953 0.286728 1.862000 0.882000 -1.862000
1643016259.036336 0.305337 0.308001 0.286681 1.862000 0.882000 -1.862000
1643016259.071389 0.305360 0.308048 0.286610 1.862000 0.882000 -1.862000
1643016259.104182 0.305384 0.308071 0.286539 1.862000 0.882000 -1.862000
1643016259.135582 0.305408 0.308119 0.286468 1.862000 0.882000 -1.862000
1643016259.170024 0.305431 0.308166 0.286421 1.862000 0.882000 -1.862000
1643016259.208050 0.305455 0.308190 0.286350 1.862000 0.882000 -1.862000
1643016259.237544 0.305479 0.308237 0.286279 1.862000 0.882000 -1.862000
1643016259.272900 0.305502 0.308261 0.286231 1.862000 0.882000 -1.862000
1643016259.303411 0.305526 0.308308 0.286161 1.862000 0.882000 -1.862000
1643016259.338218 0.305573 0.308332 0.286113 1.862000 0.882000 -1.862000
1643016259.370615 0.305573 0.308379 0.286042 1.862000 0.882000 -1.862000
1643016259.403131 0.305597 0.308402 0.285995 1.862000 0.882000 -1.862000
1643016259.437937 0.305620 0.308426 0.285948 1.862000 0.882000 -1.862000
1643016259.472111 0.305644 0.308473 0.285901 1.862000 0.980000 -1.960000
1643016259.511542 0.305668 0.308497 0.285830 1.862000 0.980000 -1.960000
1643016259.537025 0.305691 0.308521 0.285782 1.862000 0.980000 -1.960000
1643016259.572540 0.305715 0.308568 0.285735 1.862000 0.980000 -1.960000
1643016259.603190 0.305739 0.308592 0.285688 1.862000 0.980000 -1.960000
1643016259.635405 0.305739 0.308615 0.285640 1.862000 0.980000 -1.960000
1643016259.669826 0.305762 0.308639 0.285593 1.862000 0.980000 -1.960000
1643016259.704507 0.305786 0.308662 0.285546 1.862000 0.980000 -1.960000
1643016259.741391 0.305810 0.308710 0.285499 1.862000 0.980000 -1.960000
1643016259.770398 0.305810 0.308733 0.285451 1.862000 0.980000 -1.960000
1643016259.804226 0.305833 0.308757 0.285428 1.862000 0.980000 -1.960000
1643016259.837745 0.305857 0.308781 0.285380 1.862000 0.980000 -1.960000
1643016259.870834 0.305857 0.308804 0.285333 1.862000 0.980000 -1.960000
1643016259.904137 0.305881 0.308828 0.285310 1.862000 0.980000 -1.960000
1643016259.935652 0.305881 0.308852 0.285262 1.862000 0.980000 -1.960000
1643016259.969279 0.305904 0.308875 0.285215 1.862000 0.980000 -1.960000
1643016260.003440 0.305928 0.308875 0.285191 1.862000 0.980000 -1.960000
1643016260.036835 0.305928 0.308899 0.285144 1.862000 0.980000 -1.960000
1643016260.070211 0.305951 0.308923 0.285120 1.862000 0.980000 -1.960000
1643016260.104135 0.305975 0.308946 0.285097 1.862000 0.980000 -1.960000
1643016260.136233 0.305975 0.308970 0.285049 1.862000 0.980000 -1.960000
1643016260.172081 0.305999 0.308993 0.285026 1.862000 0.980000 -1.960000
1643016260.204159 0.305999 0.308993 0.285002 1.862000 0.980000 -1.960000
1643016260.238905 0.306022 0.309017 0.284955 1.764000 0.980000 -2.058000
1643016260.269095 0.306022 0.309041 0.284931 1.764000 0.980000 -2.058000
1643016260.303718 0.306046 0.309041 0.284908 1.764000 0.980000 -2.058000
1643016260.336335 0.306046 0.309064 0.284884 1.764000 0.980000 -2.058000
1643016260.369838 0.306070 0.309088 0.284860 1.764000 1.078000 -2.058000
1643016260.405113 0.306070 0.309088 0.284837 1.764000 1.078000 -2.058000
1643016260.436621 0.306070 0.309112 0.284813 1.764000 1.078000 -2.058000
1643016260.470850 0.306093 0.309135 0.284789 1.764000 1.078000 -2.058000
1643016260.505893 0.306093 0.309135 0.284766 1.764000 1.078000 -2.058000
1643016260.537670 0.306093 0.309159 0.284742 1.764000 1.078000 -2.058000
1643016260.569844 0.306117 0.309159 0.284718 1.764000 1.078000 -2.058000
1643016260.603784 0.306117 0.309183 0.284718 1.764000 1.078000 -2.058000
1643016260.637607 0.306117 0.309183 0.284695 1.764000 1.078000 -2.058000
1643016260.671059 0.306141 0.309206 0.284671 1.764000 1.078000 -2.058000
1643016260.704338 0.306141 0.309206 0.284671 1.764000 1.078000 -2.058000
1643016260.736892 0.306141 0.309206 0.284648 1.862000 1.078000 -2.058000
1643016260.770190 0.306164 0.309230 0.284624 1.862000 1.078000 -2.058000
1643016260.802575 0.306164 0.309230 0.284624 1.862000 1.078000 -2.058000
1643016260.836944 0.306164 0.309230 0.284600 1.862000 1.078000 -2.058000
1643016260.870491 0.306164 0.309253 0.284577 1.764000 1.078000 -2.058000
1643016260.902678 0.306164 0.309253 0.284577 1.764000 1.078000 -2.058000
1643016260.937383 0.306164 0.309253 0.284577 1.764000 1.078000 -2.058000
1643016260.969798 0.306188 0.309277 0.284553 1.764000 1.078000 -2.058000
1643016261.003469 0.306188 0.309277 0.284553 1.764000 1.078000 -2.058000
1643016261.042667 0.306188 0.309277 0.284529 1.764000 1.078000 -2.058000
1643016261.072978 0.306188 0.309277 0.284529 1.764000 1.078000 -2.058000
1643016261.109119 0.306188 0.309301 0.284506 1.764000 1.078000 -2.058000
1643016261.141263 0.306188 0.309301 0.284506 1.764000 1.078000 -2.058000
1643016261.171088 0.306211 0.309301 0.284506 1.764000 1.078000 -2.058000
1643016261.204394 0.306211 0.309301 0.284506 1.764000 1.078000 -2.058000
1643016261.236952 0.306211 0.309301 0.284482 1.764000 1.078000 -2.058000
1643016261.277117 0.306211 0.309301 0.284482 1.764000 1.078000 -2.058000
1643016261.303901 0.306211 0.309301 0.284482 1.764000 1.078000 -2.058000
1643016261.336479 0.306211 0.309324 0.284482 1.764000 1.078000 -2.058000
1643016261.370014 0.306211 0.309324 0.284482 1.764000 1.078000 -2.058000
1643016261.403499 0.306211 0.309324 0.284458 1.764000 1.078000 -2.058000
1643016261.436881 0.306211 0.309324 0.284458 1.764000 1.078000 -2.058000
1643016261.471390 0.306211 0.309324 0.284458 1.764000 1.078000 -2.058000
1643016261.514880 0.306211 0.309324 0.284458 1.764000 1.078000 -2.058000
1643016261.536099 0.306211 0.309324 0.284458 1.764000 1.078000 -2.058000
1643016261.573011 0.306211 0.309324 0.284458 1.764000 1.078000 -2.058000
1643016261.605356 0.306211 0.309324 0.284458 1.764000 1.078000 -2.058000
1643016261.636235 0.306211 0.309324 0.284458 1.764000 1.078000 -2.058000
1643016261.669486 0.306211 0.309324 0.284458 1.764000 1.078000 -2.058000
1643016261.710932 0.306211 0.309324 0.284458 1.764000 1.078000 -2.058000
1643016261.736499 0.306211 0.309324 0.284458 1.764000 1.078000 -2.058000
1643016261.770842 0.306211 0.309324 0.284458 1.764000 1.078000 -2.058000
1643016261.803053 0.306211 0.309324 0.284458 1.764000 1.078000 -2.058000
1643016261.837362 0.306211 0.309324 0.284458 1.764000 1.078000 -2.058000
1643016261.874899 0.306235 0.309324 0.284458 1.764000 1.078000 -2.058000
1643016261.903357 0.306235 0.309324 0.284458 1.764000 1.078000 -2.058000
1643016261.936698 0.306235 0.309324 0.284458 1.764000 1.078000 -2.058000
1643016261.969051 0.306211 0.309324 0.284458 1.764000 1.078000 -2.058000
1643016262.002406 0.306211 0.309324 0.284458 1.764000 1.078000 -2.058000
1643016262.046375 0.306211 0.309324 0.284458 1.764000 1.078000 -2.058000
1643016262.085616 0.306211 0.309324 0.284458 1.764000 1.078000 -2.058000
1643016262.113105 0.306211 0.309324 0.284458 1.764000 1.078000 -2.058000
1643016262.145684 0.306211 0.309324 0.284458 1.862000 1.078000 -2.058000
1643016262.179832 0.306211 0.309324 0.284458 1.862000 1.078000 -2.058000
1643016262.213218 0.306211 0.309324 0.284458 1.862000 1.078000 -2.058000
1643016262.246087 0.306211 0.309324 0.284458 1.862000 1.078000 -2.058000
1643016262.281680 0.306211 0.309324 0.284458 1.862000 1.078000 -2.058000
1643016262.312685 0.306211 0.309324 0.284458 1.862000 1.078000 -2.058000
1643016262.346091 0.306211 0.309324 0.284458 1.862000 1.078000 -2.058000
1643016262.382577 0.306211 0.309324 0.284458 1.862000 1.078000 -2.058000
1643016262.415667 0.306211 0.309324 0.284458 1.862000 1.078000 -2.058000
1643016262.449263 0.306211 0.309324 0.284458 1.862000 1.078000 -2.058000
1643016262.479671 0.306211 0.309324 0.284458 1.862000 1.078000 -2.058000
1643016262.514508 0.306211 0.309324 0.284482 1.764000 1.078000 -2.058000
1643016262.546408 0.306211 0.309324 0.284482 1.764000 1.078000 -2.058000
1643016262.579589 0.306211 0.309301 0.284482 1.764000 1.078000 -2.058000
1643016262.612857 0.306211 0.309301 0.284482 1.764000 1.078000 -2.058000
1643016262.646304 0.306211 0.309301 0.284482 1.764000 1.078000 -2.058000
1643016262.680482 0.306211 0.309301 0.284482 1.764000 1.078000 -2.058000
1643016262.711892 0.306188 0.309301 0.284482 1.764000 1.078000 -2.058000
1643016262.745306 0.306188 0.309301 0.284482 1.764000 1.078000 -2.058000
1643016262.780740 0.306188 0.309301 0.284506 1.862000 1.078000 -2.058000
1643016262.811965 0.306188 0.309301 0.284506 1.862000 1.078000 -2.058000
1643016262.846617 0.306188 0.309301 0.284506 1.862000 1.078000 -2.058000
1643016262.879042 0.306188 0.309301 0.284529 1.862000 1.078000 -2.058000
1643016262.914490 0.306188 0.309277 0.284529 1.862000 1.078000 -1.960000
1643016262.948847 0.306188 0.309277 0.284529 1.862000 1.078000 -1.960000
1643016262.984159 0.306188 0.309277 0.284529 1.862000 1.078000 -1.960000
1643016263.011539 0.306164 0.309277 0.284553 1.862000 1.078000 -1.960000
1643016263.049525 0.306164 0.309253 0.284553 1.862000 0.980000 -1.960000
1643016263.081027 0.306164 0.309253 0.284577 1.862000 0.980000 -1.960000
1643016263.113261 0.306164 0.309253 0.284577 1.862000 0.980000 -1.960000
1643016263.146631 0.306164 0.309230 0.284600 1.862000 0.980000 -1.960000
1643016263.179835 0.306141 0.309230 0.284600 1.862000 0.980000 -1.960000
1643016263.212175 0.306141 0.309230 0.284624 1.862000 0.980000 -1.960000
1643016263.246540 0.306141 0.309230 0.284624 1.862000 0.980000 -1.960000
1643016263.280039 0.306141 0.309206 0.284648 1.862000 0.980000 -1.960000
1643016263.315734 0.306117 0.309206 0.284671 1.862000 0.980000 -1.960000
1643016263.347194 0.306117 0.309183 0.284671 1.862000 0.980000 -1.960000
1643016263.379714 0.306117 0.309183 0.284695 1.862000 0.980000 -1.960000
1643016263.413081 0.306117 0.309183 0.284718 1.862000 0.980000 -1.960000
1643016263.447336 0.306093 0.309159 0.284718 1.862000 0.980000 -1.960000
1643016263.479872 0.306093 0.309159 0.284742 1.862000 0.980000 -1.960000
1643016263.515458 0.306093 0.309135 0.284766 1.862000 0.980000 -1.960000
1643016263.550994 0.306070 0.309112 0.284789 1.862000 0.980000 -1.960000
1643016263.579232 0.306070 0.309112 0.284813 1.862000 0.980000 -1.960000
1643016263.615113 0.306046 0.309088 0.284837 1.862000 0.980000 -1.960000
1643016263.646239 0.306046 0.309088 0.284860 1.862000 0.980000 -1.960000
1643016263.679801 0.306046 0.309064 0.284884 1.862000 0.980000 -1.960000
1643016263.712944 0.306022 0.309041 0.284908 1.862000 0.980000 -1.960000
1643016263.746383 0.306022 0.309041 0.284955 1.862000 0.980000 -1.960000
1643016263.778723 0.305999 0.309017 0.284979 1.862000 0.980000 -1.960000
1643016263.814204 0.305999 0.308993 0.285002 1.862000 0.980000 -1.960000
1643016263.847393 0.305975 0.308993 0.285026 1.862000 0.980000 -1.960000
1643016263.879755 0.305975 0.308970 0.285073 1.862000 0.980000 -1.960000
1643016263.915466 0.305951 0.308946 0.285097 1.862000 0.882000 -1.862000
1643016263.945997 0.305951 0.308923 0.285120 1.862000 0.882000 -1.862000
1643016263.982708 0.305928 0.308899 0.285168 1.862000 0.882000 -1.862000
1643016264.016507 0.305928 0.308875 0.285191 1.862000 0.882000 -1.862000
1643016264.051876 0.305904 0.308875 0.285239 1.862000 0.882000 -1.862000
1643016264.079419 0.305904 0.308852 0.285262 1.862000 0.882000 -1.862000
1643016264.113828 0.305881 0.308828 0.285310 1.862000 0.882000 -1.862000
1643016264.147372 0.305857 0.308804 0.285333 1.862000 0.882000 -1.862000
1643016264.179088 0.305833 0.308781 0.285380 1.862000 0.882000 -1.862000
1643016264.215239 0.305833 0.308733 0.285428 1.862000 0.882000 -1.862000
1643016264.244980 0.305810 0.308710 0.285451 1.862000 0.882000 -1.862000
1643016264.279398 0.305786 0.308686 0.285499 1.862000 0.882000 -1.862000
1643016264.313789 0.305786 0.308662 0.285546 1.862000 0.882000 -1.862000
1643016264.344960 0.305762 0.308639 0.285593 1.862000 0.882000 -1.862000
1643016264.379208 0.305739 0.308615 0.285640 1.862000 0.882000 -1.862000
1643016264.413303 0.305715 0.308592 0.285688 1.960000 0.784000 -1.862000
1643016264.445453 0.305691 0.308544 0.285735 1.960000 0.784000 -1.862000
1643016264.482550 0.305691 0.308521 0.285806 1.960000 0.784000 -1.862000
1643016264.514991 0.305668 0.308497 0.285853 1.960000 0.784000 -1.862000
1643016264.549548 0.305644 0.308450 0.285901 1.960000 0.784000 -1.862000
1643016264.584744 0.305620 0.308426 0.285971 1.960000 0.784000 -1.862000
1643016264.612868 0.305597 0.308402 0.286019 1.960000 0.784000 -1.862000
1643016264.647362 0.305573 0.308355 0.286066 1.960000 0.784000 -1.862000
1643016264.679966 0.305550 0.308332 0.286113 1.960000 0.784000 -1.862000
1643016264.712229 0.305526 0.308284 0.286161 1.960000 0.784000 -1.862000
1643016264.751650 0.305502 0.308261 0.286231 1.960000 0.784000 -1.862000
1643016264.779141 0.305479 0.308213 0.286279 1.960000 0.784000 -1.862000
1643016264.812644 0.305455 0.308190 0.286350 1.862000 0.784000 -1.862000
1643016264.845900 0.305431 0.308142 0.286421 1.862000 0.784000 -1.862000
1643016264.878316 0.305408 0.308119 0.286468 1.862000 0.784000 -1.862000
1643016264.913708 0.305360 0.308071 0.286539 1.862000 0.784000 -1.862000
1643016264.949940 0.305337 0.308024 0.286610 1.960000 0.686000 -1.862000
1643016264.981362 0.305313 0.308001 0.286681 1.960000 0.686000 -1.862000
1643016265.013662 0.305290 0.307953 0.286752 1.960000 0.686000 -1.862000
1643016265.046038 0.305266 0.307906 0.286799 1.960000 0.686000 -1.862000
1643016265.079637 0.305242 0.307882 0.286870 1.960000 0.686000 -1.764000
1643016265.112772 0.305219 0.307835 0.286941 1.960000 0.686000 -1.764000
1643016265.147070 0.305195 0.307788 0.287012 1.960000 0.686000 -1.764000
1643016265.180569 0.305148 0.307740 0.287083 1.960000 0.686000 -1.764000
1643016265.211812 0.305124 0.307693 0.287153 1.960000 0.686000 -1.764000
1643016265.247118 0.305100 0.307646 0.287248 1.960000 0.686000 -1.764000
1643016265.279957 0.305077 0.307622 0.287319 1.960000 0.686000 -1.764000
1643016265.312887 0.305029 0.307575 0.287390 1.960000 0.686000 -1.764000
1643016265.346200 0.305006 0.307528 0.287484 1.960000 0.686000 -1.764000
1643016265.381395 0.304982 0.307480 0.287555 1.960000 0.686000 -1.764000
1643016265.417807 0.304935 0.307410 0.287626 1.960000 0.686000 -1.764000
1643016265.448560 0.304911 0.307362 0.287721 1.960000 0.588000 -1.764000
1643016265.479677 0.304888 0.307315 0.287792 1.960000 0.588000 -1.764000
1643016265.513011 0.304840 0.307268 0.287863 1.960000 0.588000 -1.764000
1643016265.546370 0.304817 0.307220 0.287957 1.960000 0.588000 -1.764000
1643016265.579867 0.304769 0.307173 0.288028 2.058000 0.588000 -1.764000
1643016265.613252 0.304746 0.307126 0.288123 2.058000 0.588000 -1.764000
1643016265.646648 0.304698 0.307079 0.288217 2.058000 0.588000 -1.764000
1643016265.679055 0.304675 0.307031 0.288288 2.058000 0.588000 -1.764000
1643016265.712461 0.304651 0.306960 0.288383 2.058000 0.490000 -1.764000
1643016265.745761 0.304604 0.306913 0.288454 2.058000 0.490000 -1.764000
1643016265.779074 0.304580 0.306866 0.288548 2.058000 0.490000 -1.764000
1643016265.812433 0.304533 0.306819 0.288643 2.058000 0.490000 -1.764000
1643016265.847497 0.304509 0.306748 0.288737 2.058000 0.490000 -1.764000
1643016265.884690 0.304462 0.306700 0.288832 2.058000 0.490000 -1.764000
1643016265.913452 0.304438 0.306653 0.288927 2.058000 0.490000 -1.764000
1643016265.947534 0.304391 0.306582 0.289021 2.058000 0.490000 -1.666000
1643016265.980295 0.304344 0.306535 0.289092 2.058000 0.490000 -1.666000
1643016266.013628 0.304320 0.306488 0.289187 2.058000 0.490000 -1.666000
1643016266.046080 0.304273 0.306417 0.289281 2.058000 0.490000 -1.666000
1643016266.079724 0.304249 0.306369 0.289376 2.058000 0.490000 -1.666000
1643016266.113103 0.304202 0.306298 0.289494 2.058000 0.490000 -1.666000
1643016266.147309 0.304178 0.306251 0.289588 2.058000 0.490000 -1.666000
1643016266.179830 0.304131 0.306204 0.289683 2.058000 0.490000 -1.666000
1643016266.213381 0.304084 0.306133 0.289778 2.058000 0.392000 -1.666000
1643016266.246566 0.304060 0.306086 0.289872 2.058000 0.392000 -1.666000
1643016266.279060 0.304013 0.306015 0.289967 2.058000 0.392000 -1.666000
1643016266.312866 0.303966 0.305967 0.290061 2.058000 0.392000 -1.666000
1643016266.346576 0.303942 0.305897 0.290156 2.058000 0.392000 -1.666000
1643016266.382493 0.303895 0.305849 0.290274 2.058000 0.392000 -1.666000
1643016266.413702 0.303847 0.305778 0.290369 2.058000 0.392000 -1.666000
1643016266.446341 0.303824 0.305707 0.290463 2.058000 0.392000 -1.666000
1643016266.479459 0.303777 0.305660 0.290558 2.058000 0.392000 -1.666000
1643016266.513726 0.303729 0.305589 0.290676 2.058000 0.392000 -1.666000
1643016266.547090 0.303682 0.305542 0.290771 2.058000 0.392000 -1.666000
1643016266.579527 0.303658 0.305471 0.290865 2.058000 0.392000 -1.568000
1643016266.614427 0.303611 0.305424 0.290983 2.058000 0.392000 -1.568000
1643016266.646941 0.303564 0.305353 0.291078 2.058000 0.392000 -1.568000
1643016266.679867 0.303516 0.305306 0.291172 2.058000 0.392000 -1.568000
1643016266.715477 0.303493 0.305235 0.291291 2.058000 0.294000 -1.568000
1643016266.746822 0.303446 0.305164 0.291385 2.058000 0.294000 -1.568000
1643016266.784356 0.303398 0.305116 0.291503 2.058000 0.294000 -1.568000
1643016266.816473 0.303375 0.305045 0.291598 2.058000 0.294000 -1.568000
1643016266.858073 0.303304 0.304975 0.291716 2.058000 0.294000 -1.568000
1643016266.882413 0.303280 0.304927 0.291811 2.058000 0.294000 -1.568000
1643016266.913901 0.303233 0.304856 0.291905 2.058000 0.294000 -1.568000
1643016266.946149 0.303209 0.304809 0.292000 2.058000 0.294000 -1.568000
1643016266.982142 0.303162 0.304738 0.292118 2.058000 0.294000 -1.568000
1643016267.013881 0.303115 0.304667 0.292213 2.058000 0.294000 -1.568000
1643016267.048315 0.303067 0.304620 0.292307 2.058000 0.294000 -1.568000
1643016267.080033 0.303044 0.304549 0.292425 2.058000 0.294000 -1.470000
1643016267.113322 0.302996 0.304478 0.292520 2.058000 0.294000 -1.470000
1643016267.147894 0.302949 0.304431 0.292638 2.058000 0.294000 -1.470000
1643016267.179477 0.302902 0.304360 0.292733 2.058000 0.294000 -1.470000
1643016267.213060 0.302855 0.304313 0.292827 2.058000 0.196000 -1.470000
1643016267.247354 0.302831 0.304242 0.292922 2.058000 0.196000 -1.470000
1643016267.283078 0.302784 0.304171 0.293040 2.058000 0.196000 -1.470000
1643016267.315536 0.302736 0.304123 0.293135 2.058000 0.196000 -1.470000
1643016267.356755 0.302689 0.304029 0.293276 2.156000 0.196000 -1.470000
1643016267.381312 0.302665 0.303982 0.293347 2.156000 0.196000 -1.470000
1643016267.414669 0.302618 0.303934 0.293466 2.156000 0.196000 -1.470000
1643016267.446922 0.302571 0.303863 0.293560 2.156000 0.196000 -1.470000
1643016267.481030 0.302547 0.303793 0.293655 2.156000 0.196000 -1.372000
1643016267.513813 0.302500 0.303745 0.293749 2.156000 0.196000 -1.372000
1643016267.547450 0.302453 0.303698 0.293844 2.156000 0.196000 -1.372000
1643016267.579911 0.302429 0.303627 0.293962 2.156000 0.196000 -1.372000
1643016267.615651 0.302382 0.303556 0.294057 2.058000 0.196000 -1.372000
1643016267.645927 0.302334 0.303509 0.294151 2.058000 0.196000 -1.372000
1643016267.680318 0.302311 0.303438 0.294269 2.058000 0.196000 -1.372000
1643016267.713690 0.302264 0.303391 0.294364 2.156000 0.098000 -1.372000
1643016267.746111 0.302216 0.303320 0.294458 2.156000 0.098000 -1.372000
1643016267.784548 0.302169 0.303272 0.294553 2.156000 0.098000 -1.372000
1643016267.817938 0.302145 0.303201 0.294648 2.156000 0.098000 -1.372000
1643016267.856217 0.302098 0.303131 0.294766 2.156000 0.098000 -1.372000
1643016267.879746 0.302074 0.303083 0.294837 2.156000 0.098000 -1.372000
1643016267.914028 0.302027 0.303036 0.294931 2.156000 0.098000 -1.372000
1643016267.947210 0.301980 0.302989 0.295026 2.156000 0.098000 -1.372000
1643016267.981263 0.301956 0.302918 0.295120 2.156000 0.098000 -1.274000
1643016268.014209 0.301909 0.302871 0.295215 2.156000 0.098000 -1.274000
1643016268.047333 0.301862 0.302800 0.295310 2.156000 0.098000 -1.274000
1643016268.080687 0.301838 0.302752 0.295404 2.156000 0.098000 -1.274000
1643016268.113263 0.301791 0.302705 0.295499 2.156000 0.098000 -1.274000
1643016268.147601 0.301767 0.302658 0.295593 2.156000 0.098000 -1.274000
1643016268.179131 0.301720 0.302587 0.295688 2.156000 0.098000 -1.274000
1643016268.212663 0.301696 0.302540 0.295782 2.156000 0.098000 -1.274000
1643016268.254854 0.301649 0.302469 0.295853 2.156000 0.000000 -1.274000
1643016268.285224 0.301602 0.302421 0.295971 2.156000 0.000000 -1.274000
1643016268.316163 0.301578 0.302374 0.296042 2.156000 0.000000 -1.274000
1643016268.347841 0.301554 0.302327 0.296113 2.156000 0.000000 -1.274000
1643016268.381682 0.301507 0.302280 0.296208 2.156000 0.000000 -1.274000
1643016268.412767 0.301483 0.302232 0.296279 2.156000 0.000000 -1.274000
1643016268.447711 0.301436 0.302161 0.296373 2.156000 0.000000 -1.274000
1643016268.479265 0.301412 0.302114 0.296468 2.156000 0.000000 -1.274000
1643016268.513718 0.301389 0.302067 0.296539 2.156000 0.000000 -1.274000
1643016268.547146 0.301342 0.302019 0.296633 2.156000 0.000000 -1.274000
1643016268.580812 0.301318 0.301972 0.296704 2.156000 0.000000 -1.274000
1643016268.613413 0.301294 0.301925 0.296799 2.156000 0.000000 -1.176000
1643016268.647295 0.301247 0.301878 0.296870 2.156000 0.000000 -1.176000
1643016268.679914 0.301223 0.301830 0.296941 2.156000 0.000000 -1.176000
1643016268.715818 0.301176 0.301783 0.297035 2.156000 0.000000 -1.176000
1643016268.757053 0.301152 0.301736 0.297106 2.156000 0.000000 -1.176000
1643016268.782227 0.301129 0.301688 0.297177 2.156000 0.000000 -1.176000
1643016268.814022 0.301105 0.301665 0.297248 2.156000 0.000000 -1.176000
1643016268.846165 0.301058 0.301618 0.297319 2.156000 0.000000 -1.176000
1643016268.882316 0.301034 0.301570 0.297390 2.156000 0.000000 -1.176000
1643016268.913795 0.301011 0.301523 0.297461 2.156000 0.000000 -1.176000
1643016268.946351 0.300987 0.301476 0.297532 2.156000 0.000000 -1.176000
1643016268.979715 0.300963 0.301452 0.297603 2.156000 0.000000 -1.176000
1643016269.015357 0.300940 0.301405 0.297674 2.156000 0.000000 -1.176000
1643016269.047659 0.300892 0.301358 0.297744 2.156000 0.000000 -1.176000
1643016269.080391 0.300869 0.301310 0.297792 2.156000 0.000000 -1.176000
1643016269.114001 0.300845 0.301287 0.297863 2.156000 0.000000 -1.176000
1643016269.149688 0.300821 0.301239 0.297934 2.156000 0.000000 -1.176000
1643016269.181191 0.300798 0.301216 0.297981 2.156000 0.000000 -1.176000
1643016269.214857 0.300774 0.301168 0.298052 2.156000 0.000000 -1.176000
1643016269.249414 0.300751 0.301121 0.298123 2.156000 0.000000 -1.176000
1643016269.279678 0.300727 0.301097 0.298170 2.156000 0.000000 -1.176000
1643016269.312936 0.300703 0.301050 0.298241 2.156000 0.000000 -1.176000
1643016269.346284 0.300680 0.301027 0.298288 2.156000 0.000000 -1.176000
1643016269.380096 0.300656 0.300979 0.298359 2.156000 0.000000 -1.176000
1643016269.413465 0.300632 0.300956 0.298406 2.156000 0.000000 -1.176000
1643016269.445950 0.300632 0.300932 0.298454 2.156000 0.000000 -1.176000
1643016269.479331 0.300609 0.300885 0.298501 2.156000 0.000000 -1.176000
1643016269.513108 0.300585 0.300861 0.298572 2.156000 0.000000 -1.176000
1643016269.546321 0.300561 0.300837 0.298619 2.156000 0.000000 -1.176000
1643016269.578859 0.300538 0.300814 0.298666 2.156000 0.000000 -1.176000
1643016269.616449 0.300514 0.300767 0.298714 2.156000 0.000000 -1.176000
1643016269.650666 0.300490 0.300743 0.298761 2.156000 0.000000 -1.078000
1643016269.680849 0.300467 0.300719 0.298808 2.156000 0.000000 -1.078000
1643016269.715338 0.300467 0.300696 0.298856 2.156000 0.000000 -1.078000
1643016269.747097 0.300443 0.300648 0.298903 2.156000 0.000000 -1.078000
1643016269.781184 0.300420 0.300625 0.298950 2.156000 0.000000 -1.078000
1643016269.813519 0.300420 0.300601 0.298974 2.156000 0.000000 -1.078000
1643016269.845926 0.300396 0.300577 0.299021 2.156000 0.000000 -1.078000
1643016269.880378 0.300372 0.300554 0.299068 2.156000 0.000000 -1.078000
1643016269.913603 0.300372 0.300530 0.299092 2.156000 0.000000 -1.078000
1643016269.946931 0.300349 0.300530 0.299139 2.156000 0.000000 -1.078000
1643016269.979562 0.300325 0.300506 0.299187 2.156000 0.000000 -1.078000
1643016270.013067 0.300325 0.300483 0.299210 2.254000 0.000000 -1.078000
1643016270.045562 0.300301 0.300459 0.299257 2.254000 0.000000 -1.078000
1643016270.080924 0.300278 0.300436 0.299281 2.254000 0.000000 -1.078000
1643016270.118319 0.300278 0.300412 0.299305 2.254000 0.000000 -1.078000
1643016270.146266 0.300254 0.300388 0.299352 2.254000 0.000000 -1.078000
1643016270.180781 0.300254 0.300388 0.299376 2.254000 0.000000 -1.078000
1643016270.213626 0.300230 0.300365 0.299399 2.254000 0.000000 -1.078000
1643016270.245939 0.300230 0.300341 0.299423 2.254000 0.000000 -1.078000
1643016270.280451 0.300207 0.300317 0.299470 2.156000 0.000000 -1.078000
1643016270.313721 0.300207 0.300317 0.299494 2.156000 0.000000 -1.078000
1643016270.346185 0.300183 0.300294 0.299518 2.156000 0.000000 -1.078000
1643016270.379413 0.300183 0.300270 0.299541 2.156000 0.000000 -1.078000
1643016270.412913 0.300183 0.300270 0.299565 2.254000 0.000000 -1.078000
1643016270.446191 0.300159 0.300246 0.299588 2.254000 0.000000 -1.078000
1643016270.479566 0.300159 0.300246 0.299612 2.254000 0.000000 -1.078000
1643016270.515043 0.300136 0.300223 0.299636 2.156000 0.000000 -1.078000
1643016270.546809 0.300136 0.300199 0.299659 2.156000 0.000000 -1.078000
1643016270.584572 0.300136 0.300199 0.299659 2.156000 0.000000 -1.078000
1643016270.613741 0.300112 0.300175 0.299683 2.156000 0.000000 -1.078000
1643016270.647314 0.300112 0.300175 0.299707 2.254000 0.000000 -1.078000
1643016270.680431 0.300112 0.300175 0.299730 2.254000 0.000000 -1.078000
1643016270.713322 0.300112 0.300152 0.299730 2.254000 0.000000 -1.078000
1643016270.746679 0.300089 0.300152 0.299754 2.254000 0.000000 -1.078000
1643016270.780195 0.300089 0.300128 0.299778 2.156000 0.000000 -1.078000
1643016270.812541 0.300089 0.300128 0.299778 2.156000 0.000000 -1.078000
1643016270.846173 0.300089 0.300128 0.299801 2.156000 0.000000 -1.078000
1643016270.879545 0.300065 0.300105 0.299801 2.156000 0.000000 -1.078000
1643016270.913329 0.300065 0.300105 0.299825 2.254000 0.000000 -1.078000
1643016270.946496 0.300065 0.300105 0.299825 2.254000 0.000000 -1.078000
1643016270.981163 0.300065 0.300105 0.299849 2.254000 0.000000 -1.078000
1643016271.013648 0.300065 0.300081 0.299849 2.254000 0.000000 -1.078000
1643016271.048410 0.300041 0.300081 0.299872 2.156000 0.000000 -0.980000
1643016271.079678 0.300041 0.300081 0.299872 2.156000 0.000000 -0.980000
1643016271.113080 0.300041 0.300081 0.299872 2.156000 0.000000 -0.980000
1643016271.148727 0.300041 0.300057 0.299896 2.156000 0.000000 -0.980000
1643016271.179153 0.300041 0.300057 0.299896 2.156000 0.000000 -0.980000
1643016271.212408 0.300041 0.300057 0.299896 2.156000 0.000000 -0.980000
1643016271.246965 0.300041 0.300057 0.299896 2.156000 0.000000 -0.980000
1643016271.279251 0.300041 0.300057 0.299919 2.156000 0.000000 -0.980000
1643016271.312525 0.300041 0.300057 0.299919 2.156000 0.000000 -0.980000
1643016271.346951 0.300041 0.300057 0.299919 2.156000 0.000000 -0.980000
1643016271.380141 0.300041 0.300057 0.299919 2.156000 0.000000 -0.980000
1643016271.412653 0.300018 0.300034 0.299919 2.156000 0.000000 -0.980000
1643016271.445790 0.300018 0.300034 0.299919 2.156000 0.000000 -0.980000
1643016271.482256 0.300018 0.300034 0.299919 2.156000 0.000000 -0.980000
1643016271.517648 0.300018 0.300034 0.299943 2.156000 0.000000 -0.980000
1643016271.551966 0.300018 0.300034 0.299943 2.254000 0.000000 -0.980000
1643016271.579793 0.300018 0.300034 0.299943 2.254000 0.000000 -0.980000
1643016271.612727 0.300018 0.300034 0.299943 2.254000 0.000000 -0.980000
1643016271.647137 0.300018 0.300034 0.299943 2.254000 0.000000 -0.980000
1643016271.679627 0.300018 0.300034 0.299943 2.254000 0.000000 -0.980000
1643016271.712854 0.300041 0.300034 0.299943 2.254000 0.000000 -0.980000
1643016271.746330 0.300041 0.300034 0.299943 2.254000 0.000000 -0.980000
1643016271.779910 0.300041 0.300034 0.299943 2.156000 0.000000 -0.980000
1643016271.813063 0.300018 0.300034 0.299943 2.156000 0.000000 -0.980000
1643016271.846430 0.300018 0.300034 0.299943 2.156000 0.000000 -0.980000
1643016271.879843 0.300018 0.300034 0.299943 2.156000 0.000000 -0.980000
1643016271.920037 0.300018 0.300034 0.299943 2.156000 0.000000 -0.980000
1643016271.951679 0.300018 0.300057 0.299943 2.156000 0.000000 -0.980000
1643016271.980662 0.300018 0.300057 0.299943 2.156000 0.000000 -0.980000
1643016272.015182 0.300018 0.300034 0.299943 2.156000 0.000000 -0.980000
1643016272.050653 0.300018 0.300034 0.299943 2.156000 0.000000 -0.980000
1643016272.081998 0.300041 0.300034 0.299943 2.156000 0.000000 -0.980000
1643016272.117342 0.300018 0.300034 0.299943 2.156000 0.000000 -0.980000
1643016272.149682 0.300018 0.300034 0.299943 2.156000 0.000000 -0.980000
1643016272.185443 0.300018 0.300034 0.299943 2.254000 0.000000 -0.980000
1643016272.216661 0.300018 0.300034 0.299943 2.254000 0.000000 -0.980000
1643016272.250018 0.300018 0.300034 0.299943 2.254000 0.000000 -0.980000
1643016272.282430 0.300018 0.300034 0.299943 2.254000 0.000000 -0.980000
1643016272.315930 0.300018 0.300034 0.299943 2.156000 0.000000 -0.980000
1643016272.353681 0.300041 0.300034 0.299943 2.156000 0.000000 -0.980000
1643016272.389414 0.300041 0.300034 0.299943 2.156000 0.000000 -0.980000
1643016272.419010 0.300041 0.300034 0.299943 2.254000 0.000000 -0.980000
1643016272.449394 0.300018 0.300034 0.299943 2.254000 0.000000 -0.980000
1643016272.484921 0.300018 0.300034 0.299919 2.254000 0.000000 -0.980000
1643016272.517396 0.300018 0.300034 0.299919 2.254000 0.000000 -0.980000
1643016272.549127 0.300018 0.300034 0.299919 2.156000 0.000000 -0.980000
1643016272.582439 0.300041 0.300034 0.299919 2.156000 0.000000 -0.980000
1643016272.616974 0.300041 0.300034 0.299919 2.156000 0.000000 -0.980000
1643016272.648471 0.300041 0.300034 0.299919 2.156000 0.000000 -0.980000
1643016272.683082 0.300041 0.300034 0.299919 2.156000 0.000000 -0.980000
1643016272.716423 0.300041 0.300034 0.299919 2.156000 0.000000 -0.980000
1643016272.750935 0.300041 0.300010 0.299919 2.156000 0.000000 -0.980000
1643016272.783405 0.300065 0.300010 0.299919 2.156000 0.000000 -0.980000
1643016272.822249 0.300065 0.300010 0.299919 2.156000 0.000000 -0.980000
1643016272.850924 0.300065 0.300010 0.299919 2.156000 0.000000 -0.980000
1643016272.884813 0.300089 0.300010 0.299919 2.156000 0.000000 -0.980000
1643016272.916492 0.300089 0.300010 0.299896 2.156000 0.000000 -0.980000
1643016272.950090 0.300089 0.300010 0.299896 2.156000 0.000000 -0.980000
1643016272.983674 0.300089 0.300010 0.299896 2.156000 0.000000 -0.980000
1643016273.017026 0.300112 0.300010 0.299872 2.156000 0.000000 -0.980000
1643016273.049691 0.300112 0.300010 0.299872 2.156000 0.000000 -1.078000
1643016273.083019 0.300136 0.300010 0.299872 2.156000 0.000000 -1.078000
1643016273.117298 0.300136 0.300010 0.299872 2.156000 0.000000 -1.078000
1643016273.152011 0.300159 0.300010 0.299849 2.156000 0.000000 -1.078000
1643016273.182631 0.300159 0.299986 0.299849 2.156000 0.000000 -1.078000
1643016273.217036 0.300183 0.299986 0.299849 2.156000 0.000000 -1.078000
1643016273.249514 0.300183 0.299986 0.299825 2.156000 0.000000 -1.078000
1643016273.283661 0.300207 0.299963 0.299825 2.156000 0.000000 -1.078000
1643016273.321399 0.300207 0.299963 0.299801 2.156000 0.000000 -1.078000
1643016273.352173 0.300230 0.299963 0.299801 2.156000 0.000000 -1.078000
1643016273.389137 0.300254 0.299963 0.299778 2.156000 0.000000 -1.078000
1643016273.416693 0.300278 0.299939 0.299778 2.156000 0.000000 -1.078000
1643016273.451190 0.300278 0.299939 0.299778 2.156000 0.000000 -1.078000
1643016273.483362 0.300301 0.299939 0.299754 2.156000 0.000000 -1.078000
1643016273.515763 0.300325 0.299915 0.299754 2.156000 0.000000 -1.078000
1643016273.549180 0.300349 0.299915 0.299730 2.156000 0.000000 -1.078000
1643016273.584737 0.300372 0.299915 0.299707 2.156000 0.000000 -1.078000
1643016273.616000 0.300396 0.299892 0.299707 2.156000 0.000000 -1.078000
1643016273.649353 0.300420 0.299892 0.299683 2.156000 0.000000 -1.078000
1643016273.684770 0.300443 0.299892 0.299659 2.156000 -0.098000 -1.078000
1643016273.717124 0.300467 0.299868 0.299659 2.156000 -0.098000 -1.078000
1643016273.751153 0.300490 0.299868 0.299636 2.156000 -0.098000 -1.078000
1643016273.783686 0.300538 0.299845 0.299612 2.156000 -0.098000 -1.078000
1643016273.821882 0.300561 0.299845 0.299588 2.156000 -0.098000 -1.078000
1643016273.850980 0.300585 0.299845 0.299565 2.156000 -0.098000 -1.078000
1643016273.885868 0.300609 0.299821 0.299541 2.156000 -0.098000 -1.078000
1643016273.917269 0.300656 0.299821 0.299541 2.156000 -0.098000 -1.078000
1643016273.950830 0.300680 0.299797 0.299518 2.156000 -0.098000 -1.078000
1643016273.983212 0.300703 0.299797 0.299494 2.156000 -0.098000 -1.078000
1643016274.016289 0.300751 0.299774 0.299470 2.156000 -0.098000 -1.078000
1643016274.049704 0.300774 0.299774 0.299447 2.156000 -0.098000 -1.078000
1643016274.083331 0.300821 0.299750 0.299423 2.156000 -0.098000 -1.078000
1643016274.120559 0.300869 0.299750 0.299399 2.156000 -0.098000 -1.078000
1643016274.150969 0.300892 0.299726 0.299376 2.156000 -0.098000 -1.078000
1643016274.183272 0.300940 0.299703 0.299352 2.156000 -0.098000 -1.078000
1643016274.216887 0.300963 0.299703 0.299305 2.156000 -0.098000 -1.078000
1643016274.249025 0.301011 0.299679 0.299281 2.156000 -0.098000 -1.078000
1643016274.282523 0.301058 0.299679 0.299257 2.156000 -0.098000 -1.078000
1643016274.322619 0.301105 0.299655 0.299234 2.156000 -0.098000 -1.078000
1643016274.354510 0.301152 0.299632 0.299210 2.156000 -0.098000 -1.078000
1643016274.385557 0.301200 0.299632 0.299163 2.156000 -0.098000 -1.078000
1643016274.417076 0.301247 0.299608 0.299139 2.156000 -0.098000 -1.078000
1643016274.451089 0.301294 0.299584 0.299116 2.156000 -0.098000 -1.176000
1643016274.482978 0.301342 0.299584 0.299068 2.156000 -0.098000 -1.176000
1643016274.516270 0.301389 0.299561 0.299045 2.156000 -0.098000 -1.176000
1643016274.550588 0.301460 0.299537 0.298997 2.156000 -0.098000 -1.176000
1643016274.584127 0.301507 0.299514 0.298974 2.156000 -0.098000 -1.176000
1643016274.617371 0.301554 0.299490 0.298950 2.156000 -0.098000 -1.176000
1643016274.650878 0.301602 0.299490 0.298903 2.156000 -0.098000 -1.176000
1643016274.683200 0.301672 0.299466 0.298856 2.156000 -0.098000 -1.176000
1643016274.717087 0.301720 0.299443 0.298832 2.156000 -0.098000 -1.176000
1643016274.749223 0.301791 0.299419 0.298785 2.156000 -0.098000 -1.176000
1643016274.782687 0.301838 0.299395 0.298761 2.156000 -0.098000 -1.176000
1643016274.823476 0.301909 0.299372 0.298714 2.058000 -0.098000 -1.176000
1643016274.853976 0.301956 0.299348 0.298666 2.058000 -0.098000 -1.176000
1643016274.884649 0.302027 0.299348 0.298643 2.058000 -0.098000 -1.176000
1643016274.916979 0.302098 0.299324 0.298596 2.058000 -0.098000 -1.176000
1643016274.949620 0.302145 0.299301 0.298548 2.058000 -0.098000 -1.176000
1643016274.982916 0.302216 0.299277 0.298501 2.058000 -0.098000 -1.176000
1643016275.015445 0.302287 0.299253 0.298454 2.058000 -0.098000 -1.176000
1643016275.050748 0.302358 0.299230 0.298430 2.058000 -0.098000 -1.176000
1643016275.085482 0.302429 0.299206 0.298383 2.058000 -0.098000 -1.176000
1643016275.116883 0.302500 0.299159 0.298336 2.058000 -0.098000 -1.176000
1643016275.151213 0.302571 0.299135 0.298288 2.058000 -0.098000 -1.176000
1643016275.183793 0.302618 0.299112 0.298241 2.058000 -0.098000 -1.176000
1643016275.217506 0.302713 0.299088 0.298194 2.058000 -0.098000 -1.176000
1643016275.248798 0.302784 0.299064 0.298146 2.058000 -0.098000 -1.176000
1643016275.283144 0.302855 0.299041 0.298075 2.058000 -0.098000 -1.176000
1643016275.318662 0.302925 0.299017 0.298028 2.058000 -0.098000 -1.176000
1643016275.355518 0.303020 0.298993 0.297981 2.058000 -0.098000 -1.176000
1643016275.382661 0.303091 0.298970 0.297934 2.058000 -0.098000 -1.176000
1643016275.416042 0.303162 0.298946 0.297886 2.058000 -0.098000 -1.176000
1643016275.449409 0.303233 0.298923 0.297839 2.058000 -0.098000 -1.176000
1643016275.485054 0.303327 0.298875 0.297768 2.058000 -0.098000 -1.176000
1643016275.525738 0.303398 0.298852 0.297721 2.058000 -0.098000 -1.176000
1643016275.549785 0.303493 0.298828 0.297674 2.058000 -0.098000 -1.176000
1643016275.583354 0.303564 0.298804 0.297626 2.058000 -0.196000 -1.176000
1643016275.616857 0.303658 0.298781 0.297555 2.058000 -0.196000 -1.176000
1643016275.649941 0.303753 0.298733 0.297508 2.058000 -0.196000 -1.176000
1643016275.683211 0.303824 0.298710 0.297461 2.058000 -0.196000 -1.176000
1643016275.718082 0.303918 0.298686 0.297390 2.058000 -0.196000 -1.176000
1643016275.750582 0.303989 0.298639 0.297343 2.058000 -0.196000 -1.176000
1643016275.789165 0.304084 0.298615 0.297295 2.058000 -0.196000 -1.176000
1643016275.820327 0.304178 0.298592 0.297224 2.058000 -0.196000 -1.176000
1643016275.854398 0.304273 0.298544 0.297153 2.058000 -0.196000 -1.176000
1643016275.884167 0.304368 0.298521 0.297106 2.058000 -0.196000 -1.176000
1643016275.916527 0.304438 0.298497 0.297059 2.058000 -0.196000 -1.176000
1643016275.950809 0.304533 0.298473 0.296988 2.058000 -0.196000 -1.176000
1643016275.983398 0.304628 0.298426 0.296941 2.058000 -0.196000 -1.274000
1643016276.016494 0.304722 0.298402 0.296870 2.058000 -0.196000 -1.274000
1643016276.050890 0.304817 0.298355 0.296799 2.058000 -0.196000 -1.274000
1643016276.084227 0.304911 0.298332 0.296752 2.058000 -0.196000 -1.274000
1643016276.117051 0.305006 0.298308 0.296681 1.960000 -0.196000 -1.274000
1643016276.149960 0.305100 0.298261 0.296633 1.960000 -0.196000 -1.274000
1643016276.183282 0.305195 0.298237 0.296562 1.960000 -0.196000 -1.274000
1643016276.216780 0.305290 0.298213 0.296492 1.960000 -0.196000 -1.274000
1643016276.249024 0.305384 0.298166 0.296444 1.960000 -0.196000 -1.274000
1643016276.288737 0.305502 0.298142 0.296373 1.960000 -0.196000 -1.274000
1643016276.320328 0.305597 0.298095 0.296302 1.960000 -0.196000 -1.274000
1643016276.355279 0.305715 0.298071 0.296231 1.960000 -0.196000 -1.274000
1643016276.382740 0.305786 0.298024 0.296184 1.960000 -0.196000 -1.274000
1643016276.416894 0.305881 0.298001 0.296113 1.960000 -0.196000 -1.274000
1643016276.449313 0.305975 0.297977 0.296042 1.960000 -0.196000 -1.274000
1643016276.483913 0.306093 0.297930 0.295971 1.960000 -0.196000 -1.274000
1643016276.517033 0.306188 0.297906 0.295924 1.960000 -0.196000 -1.274000
1643016276.549485 0.306282 0.297859 0.295853 1.960000 -0.196000 -1.274000
1643016276.584771 0.306401 0.297835 0.295782 1.960000 -0.196000 -1.274000
1643016276.615838 0.306495 0.297788 0.295735 1.960000 -0.294000 -1.274000
1643016276.650548 0.306590 0.297764 0.295664 1.960000 -0.294000 -1.274000
1643016276.683906 0.306684 0.297717 0.295593 1.960000 -0.294000 -1.274000
1643016276.716297 0.306803 0.297693 0.295522 1.960000 -0.294000 -1.274000
1643016276.759943 0.306897 0.297646 0.295451 1.960000 -0.294000 -1.274000
1643016276.784568 0.307015 0.297599 0.295380 1.960000 -0.294000 -1.274000
1643016276.820332 0.307110 0.297575 0.295310 1.960000 -0.294000 -1.274000
1643016276.850935 0.307204 0.297528 0.295239 1.862000 -0.294000 -1.372000
1643016276.885580 0.307323 0.297504 0.295168 1.862000 -0.294000 -1.372000
1643016276.916374 0.307417 0.297480 0.295120 1.862000 -0.294000 -1.372000
1643016276.950769 0.307512 0.297433 0.295049 1.862000 -0.294000 -1.372000
1643016276.983299 0.307606 0.297410 0.294979 1.862000 -0.294000 -1.372000
1643016277.016555 0.307724 0.297362 0.294908 1.862000 -0.294000 -1.372000
1643016277.051919 0.307819 0.297315 0.294837 1.862000 -0.294000 -1.372000
1643016277.084280 0.307937 0.297291 0.294789 1.862000 -0.294000 -1.372000
1643016277.116887 0.308032 0.297268 0.294718 1.862000 -0.294000 -1.372000
1643016277.150040 0.308126 0.297220 0.294648 1.862000 -0.294000 -1.372000
1643016277.183439 0.308245 0.297197 0.294577 1.862000 -0.294000 -1.372000
1643016277.219242 0.308339 0.297149 0.294506 1.862000 -0.294000 -1.372000
1643016277.256890 0.308457 0.297102 0.294435 1.764000 -0.392000 -1.372000
1643016277.285603 0.308552 0.297079 0.294388 1.764000 -0.392000 -1.372000
1643016277.317956 0.308646 0.297031 0.294317 1.764000 -0.392000 -1.372000
1643016277.350299 0.308741 0.297008 0.294246 1.764000 -0.392000 -1.372000
1643016277.383893 0.308859 0.296984 0.294175 1.764000 -0.392000 -1.372000
1643016277.416144 0.308954 0.296937 0.294104 1.764000 -0.392000 -1.372000
1643016277.449514 0.309048 0.296913 0.294057 1.764000 -0.392000 -1.372000
1643016277.483039 0.309143 0.296866 0.293986 1.764000 -0.392000 -1.372000
1643016277.516262 0.309261 0.296819 0.293915 1.764000 -0.392000 -1.372000
1643016277.549754 0.309356 0.296795 0.293844 1.764000 -0.392000 -1.372000
1643016277.584006 0.309450 0.296771 0.293773 1.764000 -0.392000 -1.372000
1643016277.616522 0.309545 0.296724 0.293726 1.764000 -0.392000 -1.470000
1643016277.651233 0.309663 0.296700 0.293655 1.764000 -0.392000 -1.470000
1643016277.686348 0.309758 0.296653 0.293584 1.764000 -0.392000 -1.470000
1643016277.718327 0.309852 0.296629 0.293536 1.764000 -0.392000 -1.470000
1643016277.754573 0.309970 0.296582 0.293466 1.764000 -0.392000 -1.470000
1643016277.783806 0.310041 0.296558 0.293395 1.764000 -0.392000 -1.470000
1643016277.817723 0.310136 0.296511 0.293324 1.764000 -0.392000 -1.470000
1643016277.850017 0.310230 0.296488 0.293276 1.764000 -0.392000 -1.470000
1643016277.883630 0.310325 0.296464 0.293205 1.666000 -0.490000 -1.470000
1643016277.916838 0.310443 0.296417 0.293135 1.666000 -0.490000 -1.470000
1643016277.950253 0.310538 0.296393 0.293087 1.666000 -0.490000 -1.470000
1643016277.982651 0.310609 0.296346 0.293016 1.666000 -0.490000 -1.470000
1643016278.017091 0.310727 0.296322 0.292969 1.666000 -0.490000 -1.568000
1643016278.050417 0.310821 0.296298 0.292898 1.666000 -0.490000 -1.568000
1643016278.083776 0.310892 0.296251 0.292827 1.666000 -0.490000 -1.568000
1643016278.116295 0.310987 0.296227 0.292780 1.666000 -0.490000 -1.568000
1643016278.153448 0.311081 0.296204 0.292709 1.666000 -0.490000 -1.568000
1643016278.185039 0.311176 0.296157 0.292662 1.666000 -0.490000 -1.568000
1643016278.223815 0.311271 0.296133 0.292591 1.666000 -0.490000 -1.568000
1643016278.251169 0.311342 0.296109 0.292544 1.666000 -0.490000 -1.568000
1643016278.283894 0.311436 0.296086 0.292473 1.666000 -0.490000 -1.568000
1643016278.317139 0.311531 0.296038 0.292425 1.666000 -0.490000 -1.568000
1643016278.350561 0.311602 0.296015 0.292378 1.666000 -0.490000 -1.568000
1643016278.383160 0.311696 0.295991 0.292307 1.666000 -0.588000 -1.568000
1643016278.417203 0.311767 0.295967 0.292260 1.666000 -0.588000 -1.568000
1643016278.450452 0.311862 0.295920 0.292213 1.666000 -0.588000 -1.568000
1643016278.483978 0.311956 0.295897 0.292142 1.666000 -0.588000 -1.568000
1643016278.516733 0.312027 0.295873 0.292094 1.666000 -0.588000 -1.568000
1643016278.549891 0.312122 0.295849 0.292047 1.666000 -0.588000 -1.568000
1643016278.583576 0.312193 0.295802 0.292000 1.666000 -0.588000 -1.568000
1643016278.620616 0.312264 0.295778 0.291953 1.666000 -0.588000 -1.568000
1643016278.658081 0.312334 0.295755 0.291882 1.666000 -0.588000 -1.568000
1643016278.685802 0.312429 0.295731 0.291834 1.666000 -0.588000 -1.568000
1643016278.717222 0.312500 0.295707 0.291787 1.666000 -0.588000 -1.568000
1643016278.749735 0.312571 0.295684 0.291740 1.666000 -0.588000 -1.568000
1643016278.783342 0.312642 0.295660 0.291692 1.666000 -0.588000 -1.568000
1643016278.817502 0.312736 0.295636 0.291645 1.666000 -0.588000 -1.568000
1643016278.849865 0.312807 0.295613 0.291598 1.666000 -0.588000 -1.568000
1643016278.883156 0.312878 0.295589 0.291551 1.666000 -0.588000 -1.666000
1643016278.916095 0.312949 0.295542 0.291503 1.666000 -0.588000 -1.666000
1643016278.950533 0.313020 0.295518 0.291456 1.666000 -0.588000 -1.666000
1643016278.983921 0.313067 0.295495 0.291409 1.666000 -0.588000 -1.666000
1643016279.016834 0.313138 0.295495 0.291362 1.764000 -0.588000 -1.666000
1643016279.048981 0.313209 0.295471 0.291338 1.764000 -0.588000 -1.666000
1643016279.083627 0.313280 0.295447 0.291291 1.764000 -0.588000 -1.666000
1643016279.120961 0.313351 0.295424 0.291243 1.764000 -0.588000 -1.666000
1643016279.154344 0.313398 0.295400 0.291196 1.764000 -0.686000 -1.666000
1643016279.186428 0.313469 0.295376 0.291149 1.764000 -0.686000 -1.666000
1643016279.216759 0.313540 0.295353 0.291125 1.764000 -0.686000 -1.666000
1643016279.249162 0.313587 0.295329 0.291078 1.764000 -0.686000 -1.666000
1643016279.282699 0.313658 0.295306 0.291054 1.764000 -0.686000 -1.666000
1643016279.316922 0.313706 0.295282 0.291007 1.764000 -0.686000 -1.666000
1643016279.350137 0.313753 0.295258 0.290960 1.764000 -0.686000 -1.666000
1643016279.383595 0.313824 0.295258 0.290936 1.862000 -0.686000 -1.666000
1643016279.416699 0.313871 0.295235 0.290889 1.862000 -0.686000 -1.666000
1643016279.450162 0.313918 0.295211 0.290865 1.862000 -0.686000 -1.666000
1643016279.483433 0.313989 0.295187 0.290818 1.862000 -0.686000 -1.666000
1643016279.515879 0.314037 0.295187 0.290794 1.862000 -0.686000 -1.666000
1643016279.549118 0.314084 0.295164 0.290747 1.862000 -0.686000 -1.666000
1643016279.582698 0.314131 0.295140 0.290723 1.862000 -0.686000 -1.666000
1643016279.617013 0.314178 0.295140 0.290700 1.862000 -0.686000 -1.666000
1643016279.653629 0.314226 0.295116 0.290652 1.862000 -0.686000 -1.666000
1643016279.681882 0.314273 0.295093 0.290629 1.862000 -0.686000 -1.666000
1643016279.717230 0.314320 0.295093 0.290605 1.862000 -0.686000 -1.666000
1643016279.749591 0.314368 0.295069 0.290581 1.862000 -0.686000 -1.666000
1643016279.783886 0.314415 0.295045 0.290534 1.862000 -0.686000 -1.666000
1643016279.815249 0.314438 0.295045 0.290510 1.862000 -0.686000 -1.666000
1643016279.849554 0.314486 0.295022 0.290487 1.862000 -0.686000 -1.666000
1643016279.882575 0.314533 0.294998 0.290463 1.862000 -0.686000 -1.666000
1643016279.917738 0.314557 0.294998 0.290440 1.862000 -0.686000 -1.666000
1643016279.949977 0.314604 0.294975 0.290416 1.862000 -0.686000 -1.666000
1643016279.983318 0.314628 0.294975 0.290392 1.862000 -0.686000 -1.666000
1643016280.015742 0.314675 0.294951 0.290369 1.862000 -0.784000 -1.764000
1643016280.053143 0.314722 0.294927 0.290345 1.862000 -0.784000 -1.764000
1643016280.088625 0.314746 0.294927 0.290321 1.862000 -0.784000 -1.764000
1643016280.119026 0.314769 0.294927 0.290298 1.862000 -0.784000 -1.764000
1643016280.152562 0.314817 0.294904 0.290298 1.862000 -0.784000 -1.764000
1643016280.182849 0.314840 0.294904 0.290274 1.862000 -0.784000 -1.764000
1643016280.216262 0.314864 0.294880 0.290250 1.862000 -0.784000 -1.764000
1643016280.251614 0.314888 0.294880 0.290227 1.862000 -0.784000 -1.764000
1643016280.282348 0.314935 0.294856 0.290203 1.862000 -0.686000 -1.764000
1643016280.316487 0.314959 0.294856 0.290203 1.862000 -0.686000 -1.764000
1643016280.350004 0.314982 0.294856 0.290179 1.862000 -0.686000 -1.764000
1643016280.383275 0.315006 0.294833 0.290156 1.862000 -0.686000 -1.764000
1643016280.418983 0.315029 0.294833 0.290132 1.960000 -0.784000 -1.764000
1643016280.450332 0.315053 0.294833 0.290132 1.960000 -0.784000 -1.764000
1643016280.482647 0.315077 0.294809 0.290109 1.960000 -0.784000 -1.764000
1643016280.518950 0.315077 0.294809 0.290109 1.960000 -0.784000 -1.764000
1643016280.557847 0.315124 0.294785 0.290085 1.960000 -0.784000 -1.764000
1643016280.585867 0.315124 0.294785 0.290061 1.960000 -0.784000 -1.764000
1643016280.615406 0.315148 0.294785 0.290061 1.960000 -0.784000 -1.764000
1643016280.650840 0.315171 0.294785 0.290038 1.960000 -0.784000 -1.764000
1643016280.685354 0.315171 0.294785 0.290038 1.960000 -0.784000 -1.764000
1643016280.717820 0.315195 0.294762 0.290038 1.960000 -0.784000 -1.764000
1643016280.752205 0.315219 0.294762 0.290014 1.960000 -0.784000 -1.764000
1643016280.783841 0.315219 0.294762 0.290014 1.960000 -0.784000 -1.764000
1643016280.816438 0.315242 0.294762 0.289990 1.960000 -0.784000 -1.764000
1643016280.849880 0.315266 0.294762 0.289990 1.960000 -0.784000 -1.764000
1643016280.883720 0.315266 0.294738 0.289990 1.960000 -0.784000 -1.764000
1643016280.918660 0.315290 0.294738 0.289967 1.960000 -0.784000 -1.764000
1643016280.948914 0.315290 0.294738 0.289967 1.960000 -0.784000 -1.764000
1643016280.985256 0.315313 0.294738 0.289967 1.960000 -0.784000 -1.764000
1643016281.022634 0.315313 0.294738 0.289943 1.960000 -0.784000 -1.764000
1643016281.055243 0.315313 0.294738 0.289943 1.960000 -0.784000 -1.764000
1643016281.083301 0.315337 0.294714 0.289943 1.960000 -0.784000 -1.764000
1643016281.116778 0.315337 0.294714 0.289943 1.960000 -0.784000 -1.764000
1643016281.150998 0.315337 0.294714 0.289919 1.960000 -0.784000 -1.764000
1643016281.182899 0.315360 0.294714 0.289919 1.960000 -0.784000 -1.764000
1643016281.215911 0.315360 0.294714 0.289919 1.960000 -0.784000 -1.764000
1643016281.250408 0.315360 0.294714 0.289919 1.960000 -0.784000 -1.764000
1643016281.283065 0.315360 0.294714 0.289919 1.960000 -0.784000 -1.764000
1643016281.317414 0.315384 0.294714 0.289919 1.960000 -0.784000 -1.764000
1643016281.348935 0.315384 0.294714 0.289919 1.960000 -0.784000 -1.764000
1643016281.383269 0.315384 0.294714 0.289896 1.960000 -0.784000 -1.764000
1643016281.416816 0.315384 0.294714 0.289896 1.960000 -0.784000 -1.764000
1643016281.448969 0.315384 0.294714 0.289896 1.960000 -0.784000 -1.764000
1643016281.482446 0.315384 0.294714 0.289896 1.960000 -0.784000 -1.764000
1643016281.516838 0.315384 0.294714 0.289896 1.960000 -0.784000 -1.764000
1643016281.551363 0.315384 0.294714 0.289896 1.960000 -0.784000 -1.764000
1643016281.583502 0.315408 0.294691 0.289896 1.960000 -0.784000 -1.764000
1643016281.623291 0.315408 0.294691 0.289896 1.960000 -0.784000 -1.764000
1643016281.649091 0.315408 0.294691 0.289896 1.960000 -0.784000 -1.764000
1643016281.685498 0.315408 0.294691 0.289896 1.960000 -0.784000 -1.764000
1643016281.717900 0.315408 0.294714 0.289896 1.960000 -0.784000 -1.764000
1643016281.749432 0.315408 0.294714 0.289896 1.960000 -0.784000 -1.764000
1643016281.786455 0.315384 0.294714 0.289896 1.960000 -0.784000 -1.764000
1643016281.817088 0.315384 0.294714 0.289896 1.960000 -0.784000 -1.764000
1643016281.849381 0.315384 0.294714 0.289896 1.960000 -0.784000 -1.764000
1643016281.886086 0.315408 0.294691 0.289896 1.960000 -0.784000 -1.764000
1643016281.916946 0.315408 0.294691 0.289896 1.960000 -0.784000 -1.764000
1643016281.956184 0.315408 0.294691 0.289896 1.960000 -0.784000 -1.764000
1643016281.986849 0.315408 0.294691 0.289896 1.960000 -0.784000 -1.764000
1643016282.016254 0.315408 0.294714 0.289896 1.960000 -0.784000 -1.764000
1643016282.055606 0.315408 0.294714 0.289896 2.058000 -0.784000 -1.764000
1643016282.089558 0.315408 0.294714 0.289896 2.058000 -0.784000 -1.764000
1643016282.122102 0.315408 0.294714 0.289896 2.058000 -0.784000 -1.764000
1643016282.155480 0.315408 0.294714 0.289896 2.058000 -0.784000 -1.764000
1643016282.188339 0.315408 0.294714 0.289896 1.960000 -0.784000 -1.764000
1643016282.221702 0.315408 0.294714 0.289896 1.960000 -0.784000 -1.764000
1643016282.255080 0.315408 0.294714 0.289896 1.960000 -0.784000 -1.764000
1643016282.289444 0.315384 0.294714 0.289896 1.960000 -0.784000 -1.764000
1643016282.321940 0.315384 0.294714 0.289896 1.960000 -0.784000 -1.764000
1643016282.362633 0.315408 0.294714 0.289896 1.960000 -0.784000 -1.764000
1643016282.390833 0.315408 0.294714 0.289896 1.960000 -0.784000 -1.764000
1643016282.423056 0.315408 0.294714 0.289896 1.960000 -0.784000 -1.764000
1643016282.457813 0.315408 0.294714 0.289919 1.960000 -0.784000 -1.764000
1643016282.489045 0.315408 0.294714 0.289919 1.960000 -0.784000 -1.764000
1643016282.522744 0.315384 0.294714 0.289919 1.960000 -0.784000 -1.764000
1643016282.556289 0.315384 0.294714 0.289919 2.058000 -0.784000 -1.764000
1643016282.595247 0.315384 0.294714 0.289896 2.058000 -0.784000 -1.764000
1643016282.624809 0.315384 0.294714 0.289896 2.058000 -0.784000 -1.764000
1643016282.656091 0.315384 0.294714 0.289896 2.058000 -0.784000 -1.764000
1643016282.688905 0.315384 0.294714 0.289919 1.960000 -0.784000 -1.764000
1643016282.722224 0.315384 0.294714 0.289919 1.960000 -0.784000 -1.764000
1643016282.754808 0.315384 0.294714 0.289919 1.960000 -0.784000 -1.764000
1643016282.793269 0.315360 0.294738 0.289919 1.960000 -0.784000 -1.764000
1643016282.832714 0.315360 0.294738 0.289919 1.960000 -0.784000 -1.764000
1643016282.859737 0.315360 0.294738 0.289919 1.960000 -0.784000 -1.764000
1643016282.890097 0.315360 0.294738 0.289943 1.960000 -0.784000 -1.764000
1643016282.923640 0.315337 0.294738 0.289943 1.960000 -0.784000 -1.764000
1643016282.956854 0.315337 0.294738 0.289943 2.058000 -0.784000 -1.764000
1643016282.989404 0.315313 0.294738 0.289943 2.058000 -0.784000 -1.764000
1643016283.021745 0.315313 0.294738 0.289943 2.058000 -0.784000 -1.764000
1643016283.055975 0.315313 0.294762 0.289967 2.058000 -0.784000 -1.764000
1643016283.089582 0.315290 0.294762 0.289967 2.058000 -0.784000 -1.764000
1643016283.121728 0.315290 0.294762 0.289967 2.058000 -0.784000 -1.764000
1643016283.157021 0.315266 0.294762 0.289990 2.058000 -0.784000 -1.764000
1643016283.188699 0.315266 0.294762 0.289990 2.058000 -0.784000 -1.764000
1643016283.220920 0.315266 0.294762 0.290014 2.058000 -0.784000 -1.764000
1643016283.261132 0.315242 0.294785 0.290014 2.058000 -0.784000 -1.764000
1643016283.293113 0.315219 0.294785 0.290014 2.058000 -0.784000 -1.764000
1643016283.333681 0.315219 0.294785 0.290038 2.058000 -0.784000 -1.666000
1643016283.359221 0.315195 0.294785 0.290038 2.058000 -0.784000 -1.666000
1643016283.389901 0.315171 0.294809 0.290038 2.058000 -0.784000 -1.666000
1643016283.422670 0.315148 0.294809 0.290061 2.058000 -0.784000 -1.666000
1643016283.456444 0.315148 0.294809 0.290061 2.058000 -0.686000 -1.666000
1643016283.489179 0.315124 0.294809 0.290085 2.058000 -0.686000 -1.666000
1643016283.522512 0.315100 0.294833 0.290109 2.058000 -0.686000 -1.666000
1643016283.555951 0.315077 0.294833 0.290109 2.058000 -0.686000 -1.666000
1643016283.588428 0.315053 0.294833 0.290132 2.058000 -0.686000 -1.666000
1643016283.621857 0.315029 0.294856 0.290132 2.058000 -0.686000 -1.666000
1643016283.656120 0.315006 0.294856 0.290156 2.058000 -0.686000 -1.666000
1643016283.691705 0.314982 0.294856 0.290179 2.058000 -0.686000 -1.666000
1643016283.721452 0.314959 0.294880 0.290203 2.058000 -0.686000 -1.666000
1643016283.760072 0.314935 0.294880 0.290203 2.058000 -0.686000 -1.666000
1643016283.791263 0.314911 0.294880 0.290227 2.058000 -0.686000 -1.666000
1643016283.828767 0.314864 0.294904 0.290250 2.058000 -0.686000 -1.666000
1643016283.859780 0.314840 0.294904 0.290274 2.058000 -0.686000 -1.666000
1643016283.889888 0.314817 0.294927 0.290274 2.058000 -0.686000 -1.666000
1643016283.923006 0.314769 0.294927 0.290298 2.058000 -0.686000 -1.666000
1643016283.955495 0.314746 0.294951 0.290321 2.058000 -0.686000 -1.666000
1643016283.990790 0.314722 0.294951 0.290345 2.058000 -0.686000 -1.666000
1643016284.022286 0.314675 0.294951 0.290369 2.058000 -0.686000 -1.666000
1643016284.055624 0.314651 0.294975 0.290392 2.058000 -0.686000 -1.666000
1643016284.089100 0.314604 0.294998 0.290416 2.058000 -0.686000 -1.666000
1643016284.122312 0.314557 0.294998 0.290440 2.058000 -0.686000 -1.666000
1643016284.157866 0.314533 0.295022 0.290487 2.058000 -0.686000 -1.666000
1643016284.188430 0.314486 0.295022 0.290510 2.058000 -0.686000 -1.666000
1643016284.230298 0.314462 0.295045 0.290534 2.156000 -0.686000 -1.666000
1643016284.259424 0.314415 0.295045 0.290558 2.156000 -0.686000 -1.666000
1643016284.289000 0.314368 0.295069 0.290581 2.156000 -0.686000 -1.666000
1643016284.324235 0.314320 0.295093 0.290605 2.156000 -0.686000 -1.666000
1643016284.359631 0.314273 0.295093 0.290652 2.156000 -0.686000 -1.666000
1643016284.389248 0.314226 0.295116 0.290676 2.156000 -0.686000 -1.666000
1643016284.421618 0.314178 0.295140 0.290700 2.156000 -0.686000 -1.666000
1643016284.455892 0.314131 0.295140 0.290723 2.156000 -0.686000 -1.666000
1643016284.488548 0.314084 0.295164 0.290771 2.156000 -0.686000 -1.666000
1643016284.521518 0.314037 0.295187 0.290794 2.156000 -0.686000 -1.666000
1643016284.556005 0.313989 0.295211 0.290818 2.156000 -0.686000 -1.666000
1643016284.587542 0.313918 0.295211 0.290865 2.156000 -0.686000 -1.666000
1643016284.625919 0.313871 0.295235 0.290912 2.156000 -0.686000 -1.666000
1643016284.656188 0.313824 0.295258 0.290936 2.156000 -0.686000 -1.666000
1643016284.689573 0.313753 0.295282 0.290983 2.156000 -0.686000 -1.666000
1643016284.723046 0.313706 0.295306 0.291007 2.156000 -0.686000 -1.666000
1643016284.759806 0.313658 0.295306 0.291054 2.156000 -0.686000 -1.666000
1643016284.793346 0.313587 0.295329 0.291078 2.156000 -0.686000 -1.666000
1643016284.827699 0.313516 0.295353 0.291125 2.156000 -0.588000 -1.666000
1643016284.864397 0.313469 0.295376 0.291172 2.156000 -0.588000 -1.666000
1643016284.889585 0.313398 0.295400 0.291196 2.156000 -0.588000 -1.666000
1643016284.922206 0.313351 0.295424 0.291243 2.156000 -0.588000 -1.666000
1643016284.954665 0.313280 0.295447 0.291291 2.254000 -0.588000 -1.666000
1643016284.988453 0.313209 0.295471 0.291338 2.254000 -0.588000 -1.666000
1643016285.022325 0.313162 0.295495 0.291385 2.254000 -0.588000 -1.666000
1643016285.055729 0.313091 0.295518 0.291432 2.254000 -0.588000 -1.666000
1643016285.092855 0.313020 0.295542 0.291456 2.254000 -0.588000 -1.568000
1643016285.123459 0.312949 0.295566 0.291503 2.254000 -0.588000 -1.568000
1643016285.156656 0.312878 0.295589 0.291551 2.254000 -0.588000 -1.568000
1643016285.189175 0.312784 0.295613 0.291598 2.254000 -0.588000 -1.568000
1643016285.229959 0.312713 0.295636 0.291669 2.254000 -0.588000 -1.568000
1643016285.257306 0.312642 0.295660 0.291716 2.254000 -0.588000 -1.568000
1643016285.291773 0.312571 0.295684 0.291763 2.254000 -0.588000 -1.568000
1643016285.323850 0.312500 0.295707 0.291811 2.254000 -0.588000 -1.568000
1643016285.357474 0.312429 0.295755 0.291858 2.254000 -0.588000 -1.568000
1643016285.388714 0.312334 0.295778 0.291905 2.254000 -0.588000 -1.568000
1643016285.422150 0.312264 0.295802 0.291953 2.254000 -0.588000 -1.568000
1643016285.456916 0.312193 0.295826 0.292000 2.254000 -0.588000 -1.568000
1643016285.490304 0.312098 0.295849 0.292071 2.254000 -0.588000 -1.568000
1643016285.522729 0.312027 0.295873 0.292118 2.254000 -0.588000 -1.568000
1643016285.555097 0.311956 0.295897 0.292165 2.254000 -0.588000 -1.568000
1643016285.590298 0.311862 0.295944 0.292213 2.254000 -0.490000 -1.568000
1643016285.622735 0.311767 0.295967 0.292284 2.254000 -0.490000 -1.568000
1643016285.657761 0.311696 0.295991 0.292331 2.254000 -0.490000 -1.568000
1643016285.689934 0.311602 0.296015 0.292402 2.254000 -0.490000 -1.568000
1643016285.728812 0.311531 0.296062 0.292449 2.254000 -0.490000 -1.568000
1643016285.759359 0.311436 0.296086 0.292496 2.254000 -0.490000 -1.568000
1643016285.791279 0.311342 0.296109 0.292567 2.254000 -0.490000 -1.568000
1643016285.822651 0.311247 0.296133 0.292614 2.254000 -0.490000 -1.568000
1643016285.857558 0.311176 0.296180 0.292685 2.254000 -0.490000 -1.470000
1643016285.888234 0.311081 0.296204 0.292733 2.254000 -0.490000 -1.470000
1643016285.921626 0.310987 0.296227 0.292780 2.254000 -0.490000 -1.470000
1643016285.955856 0.310892 0.296275 0.292851 2.254000 -0.490000 -1.470000
1643016285.988404 0.310798 0.296298 0.292922 2.254000 -0.392000 -1.470000
1643016286.021642 0.310703 0.296322 0.292969 2.254000 -0.392000 -1.470000
1643016286.056971 0.310609 0.296369 0.293040 2.254000 -0.392000 -1.470000
1643016286.089549 0.310514 0.296393 0.293087 2.352000 -0.490000 -1.470000
1643016286.121771 0.310443 0.296417 0.293158 2.352000 -0.490000 -1.470000
1643016286.156199 0.310325 0.296464 0.293229 2.352000 -0.490000 -1.470000
1643016286.194388 0.310230 0.296488 0.293276 2.352000 -0.490000 -1.470000
1643016286.229571 0.310159 0.296511 0.293347 2.352000 -0.392000 -1.470000
1643016286.258570 0.310041 0.296558 0.293418 2.352000 -0.392000 -1.470000
1643016286.288375 0.309947 0.296582 0.293466 2.352000 -0.392000 -1.470000
1643016286.321746 0.309852 0.296629 0.293536 2.352000 -0.392000 -1.470000
1643016286.356404 0.309758 0.296653 0.293607 2.352000 -0.392000 -1.470000
1643016286.388744 0.309663 0.296700 0.293678 2.352000 -0.392000 -1.470000
1643016286.423021 0.309545 0.296724 0.293726 2.352000 -0.392000 -1.470000
1643016286.455864 0.309450 0.296748 0.293797 2.352000 -0.392000 -1.470000
1643016286.489377 0.309356 0.296795 0.293867 2.352000 -0.392000 -1.372000
1643016286.522663 0.309261 0.296819 0.293938 2.352000 -0.392000 -1.372000
1643016286.556072 0.309143 0.296866 0.293986 2.352000 -0.392000 -1.372000
1643016286.589889 0.309048 0.296889 0.294057 2.450000 -0.392000 -1.372000
1643016286.621881 0.308954 0.296937 0.294127 2.450000 -0.392000 -1.372000
1643016286.659989 0.308836 0.296960 0.294198 2.450000 -0.392000 -1.372000
1643016286.693571 0.308741 0.297008 0.294269 2.450000 -0.392000 -1.372000
1643016286.727515 0.308623 0.297031 0.294340 2.450000 -0.392000 -1.372000
1643016286.755687 0.308552 0.297079 0.294388 2.450000 -0.392000 -1.372000
1643016286.792928 0.308434 0.297102 0.294458 2.450000 -0.392000 -1.372000
1643016286.821225 0.308339 0.297149 0.294529 2.450000 -0.392000 -1.372000
1643016286.857955 0.308245 0.297173 0.294600 2.450000 -0.294000 -1.372000
1643016286.888425 0.308126 0.297197 0.294671 2.450000 -0.294000 -1.372000
1643016286.921793 0.308032 0.297244 0.294742 2.450000 -0.294000 -1.372000
1643016286.955131 0.307937 0.297268 0.294789 2.450000 -0.294000 -1.372000
1643016286.988866 0.307819 0.297315 0.294860 2.450000 -0.294000 -1.372000
1643016287.021956 0.307724 0.297362 0.294931 2.450000 -0.294000 -1.372000
1643016287.056645 0.307630 0.297386 0.295002 2.450000 -0.294000 -1.372000
1643016287.089941 0.307512 0.297410 0.295073 2.450000 -0.294000 -1.372000
1643016287.122517 0.307417 0.297457 0.295144 2.450000 -0.294000 -1.372000
1643016287.156088 0.307299 0.297504 0.295215 2.450000 -0.294000 -1.372000
1643016287.188318 0.307204 0.297528 0.295262 2.450000 -0.294000 -1.372000
1643016287.221771 0.307110 0.297551 0.295333 2.450000 -0.294000 -1.372000
1643016287.255648 0.306992 0.297599 0.295404 2.450000 -0.294000 -1.372000
1643016287.290519 0.306897 0.297646 0.295475 2.450000 -0.294000 -1.372000
1643016287.321471 0.306803 0.297670 0.295546 2.450000 -0.294000 -1.372000
1643016287.355226 0.306684 0.297693 0.295617 2.450000 -0.294000 -1.274000
1643016287.388431 0.306590 0.297740 0.295664 2.450000 -0.294000 -1.274000
1643016287.422831 0.306495 0.297764 0.295735 2.450000 -0.294000 -1.274000
1643016287.456105 0.306401 0.297811 0.295806 2.450000 -0.294000 -1.274000
1643016287.488614 0.306282 0.297835 0.295877 2.548000 -0.294000 -1.274000
1643016287.522763 0.306188 0.297882 0.295948 2.548000 -0.294000 -1.274000
1643016287.556151 0.306093 0.297906 0.295995 2.548000 -0.294000 -1.274000
1643016287.588470 0.305999 0.297953 0.296066 2.548000 -0.294000 -1.274000
1643016287.629747 0.305881 0.297977 0.296137 2.548000 -0.196000 -1.274000
1643016287.657766 0.305786 0.298024 0.296208 2.548000 -0.196000 -1.274000
1643016287.689739 0.305691 0.298048 0.296255 2.548000 -0.196000 -1.274000
1643016287.724096 0.305597 0.298095 0.296326 2.548000 -0.196000 -1.274000
1643016287.757370 0.305502 0.298119 0.296397 2.450000 -0.196000 -1.274000
1643016287.787700 0.305408 0.298142 0.296444 2.450000 -0.196000 -1.274000
1643016287.821944 0.305313 0.298190 0.296515 2.450000 -0.196000 -1.274000
1643016287.856234 0.305195 0.298213 0.296586 2.450000 -0.196000 -1.274000
1643016287.888762 0.305100 0.298237 0.296657 2.548000 -0.196000 -1.274000
1643016287.922125 0.305006 0.298284 0.296704 2.548000 -0.196000 -1.274000
1643016287.955501 0.304911 0.298308 0.296775 2.548000 -0.196000 -1.274000
1643016287.987997 0.304840 0.298355 0.296823 2.548000 -0.196000 -1.176000
1643016288.022163 0.304746 0.298379 0.296893 2.548000 -0.196000 -1.176000
1643016288.054470 0.304651 0.298402 0.296964 2.548000 -0.196000 -1.176000
1643016288.088886 0.304557 0.298450 0.297012 2.548000 -0.196000 -1.176000
1643016288.121792 0.304462 0.298473 0.297083 2.450000 -0.196000 -1.176000
1643016288.155117 0.304368 0.298497 0.297130 2.450000 -0.196000 -1.176000
1643016288.189616 0.304273 0.298521 0.297201 2.450000 -0.196000 -1.176000
1643016288.221915 0.304202 0.298568 0.297248 2.450000 -0.196000 -1.176000
1643016288.254390 0.304107 0.298592 0.297319 2.450000 -0.098000 -1.176000
1643016288.289572 0.304013 0.298615 0.297366 2.450000 -0.098000 -1.176000
1643016288.323491 0.303918 0.298662 0.297437 2.450000 -0.098000 -1.176000
1643016288.356580 0.303847 0.298686 0.297484 2.450000 -0.098000 -1.176000
1643016288.388065 0.303753 0.298710 0.297532 2.450000 -0.098000 -1.176000
1643016288.422246 0.303682 0.298733 0.297603 2.450000 -0.098000 -1.176000
1643016288.455575 0.303587 0.298781 0.297650 2.450000 -0.098000 -1.176000
1643016288.489058 0.303516 0.298804 0.297697 2.450000 -0.098000 -1.176000
1643016288.523133 0.303422 0.298828 0.297768 2.450000 -0.098000 -1.176000
1643016288.554571 0.303351 0.298852 0.297815 2.450000 -0.098000 -1.176000
1643016288.590047 0.303256 0.298875 0.297863 2.450000 -0.098000 -1.176000
1643016288.621820 0.303185 0.298899 0.297910 2.450000 -0.098000 -1.176000
1643016288.655811 0.303091 0.298946 0.297957 2.450000 -0.098000 -1.176000
1643016288.689240 0.303020 0.298970 0.298005 2.450000 -0.098000 -1.176000
1643016288.720601 0.302949 0.298993 0.298052 2.450000 -0.098000 -1.176000
1643016288.756050 0.302878 0.299017 0.298123 2.352000 -0.098000 -1.176000
1643016288.789439 0.302807 0.299041 0.298170 2.352000 -0.098000 -1.176000
1643016288.821640 0.302736 0.299064 0.298217 2.352000 -0.098000 -1.176000
1643016288.857103 0.302665 0.299088 0.298265 2.352000 -0.098000 -1.176000
1643016288.889229 0.302594 0.299112 0.298312 2.352000 -0.098000 -1.176000
1643016288.925678 0.302500 0.299135 0.298359 2.352000 -0.098000 -1.176000
1643016288.956585 0.302429 0.299159 0.298406 2.352000 -0.098000 -1.176000
1643016288.989261 0.302382 0.299183 0.298430 2.352000 -0.098000 -1.176000
1643016289.025530 0.302311 0.299206 0.298477 2.352000 -0.098000 -1.078000
1643016289.055695 0.302240 0.299230 0.298525 2.352000 -0.098000 -1.078000
1643016289.177962 0.302003 0.299301 0.298690 2.352000 -0.098000 -1.078000
1643016289.185195 0.301980 0.299324 0.298690 2.352000 -0.098000 -1.078000
1643016289.217981 0.301933 0.299324 0.298737 2.352000 0.000000 -1.078000
1643016289.250832 0.301862 0.299348 0.298785 2.352000 0.000000 -1.078000
1643016289.287252 0.301791 0.299372 0.298808 2.352000 0.000000 -1.078000
1643016289.317341 0.301743 0.299395 0.298856 2.352000 0.000000 -1.078000
