1642924253.713335 0.299954 0.300010 0.300014 nan 0.000000 0.500000
1642924253.747734 0.299954 0.300010 0.300014 nan 0.000000 0.500000
1642924253.782506 0.299954 0.300010 0.300014 nan 0.000000 0.500000
1642924253.823924 0.299954 0.300010 0.300014 nan 0.000000 0.500000
1642924253.825855 0.299954 0.300010 0.300014 nan 0.000000 0.500000
1642924392.174610 0.299954 0.300010 0.300014 nan 0.000000 0.500000
1642924392.207967 0.299954 0.300010 0.300014 nan 0.000000 0.500000
1642924392.246451 0.299954 0.300010 0.300014 nan 0.000000 0.500000
1642924392.277520 0.299954 0.300010 0.300014 nan 0.000000 0.500000
1642924392.309248 0.299954 0.300010 0.300014 nan 0.000000 0.500000
1642924392.342323 0.299954 0.300010 0.300014 nan 0.000000 0.500000
1642924392.377228 0.299954 0.300010 0.300014 nan 0.000000 0.500000
1642924392.408348 0.299954 0.300010 0.300014 nan 0.000000 0.500000
1642924392.442610 0.299954 0.300010 0.300014 1.372000 0.098000 -0.882000
1642924392.473622 0.299954 0.300010 0.300014 1.372000 0.098000 -0.882000
1642924392.509200 0.299954 0.300010 0.300014 1.372000 0.098000 -0.882000
1642924392.542904 0.299954 0.300010 0.300014 1.372000 0.098000 -0.882000
1642924392.576104 0.299954 0.300010 0.300014 1.372000 0.098000 -0.882000
1642924392.608016 0.299954 0.300010 0.300014 1.372000 0.098000 -0.882000
1642924392.641719 0.299954 0.300010 0.300014 1.372000 0.098000 -0.882000
1642924392.674062 0.299954 0.300010 0.300014 1.372000 0.098000 -0.882000
1642924392.708209 0.299954 0.300010 0.300014 1.372000 0.098000 -0.882000
1642924392.740798 0.299954 0.300010 0.299990 1.372000 0.098000 -0.882000
1642924392.777414 0.299978 0.300010 0.299990 1.372000 0.098000 -0.882000
1642924392.816355 0.299978 0.300010 0.299990 1.372000 0.098000 -0.882000
1642924392.845626 0.299978 0.300010 0.299990 1.372000 0.098000 -0.882000
1642924392.875524 0.299978 0.300010 0.299990 1.372000 0.098000 -0.882000
1642924392.909251 0.299978 0.300010 0.299967 1.372000 0.098000 -0.882000
1642924392.941991 0.300001 0.300010 0.299967 1.372000 0.098000 -0.882000
1642924392.975557 0.300001 0.300010 0.299967 1.372000 0.098000 -0.882000
1642924393.007298 0.300001 0.300010 0.299967 1.372000 0.098000 -0.882000
1642924393.043299 0.300001 0.300010 0.299943 1.372000 0.098000 -0.882000
1642924393.076384 0.300025 0.300034 0.299943 1.372000 0.098000 -0.882000
1642924393.109972 0.300025 0.300034 0.299943 1.372000 0.098000 -0.882000
1642924393.140860 0.300025 0.300034 0.299919 1.372000 0.098000 -0.882000
1642924393.174165 0.300025 0.300034 0.299919 1.372000 0.098000 -0.882000
1642924393.213892 0.300049 0.300034 0.299896 1.372000 0.098000 -0.784000
1642924393.245376 0.300049 0.300034 0.299896 1.372000 0.098000 -0.784000
1642924393.278461 0.300072 0.300034 0.299896 1.372000 0.098000 -0.784000
1642924393.311549 0.300072 0.300034 0.299872 1.372000 0.098000 -0.784000
1642924393.342094 0.300072 0.300034 0.299872 1.372000 0.098000 -0.784000
1642924393.375347 0.300096 0.300034 0.299849 1.372000 0.098000 -0.784000
1642924393.407968 0.300096 0.300034 0.299849 1.372000 0.098000 -0.784000
1642924393.441210 0.300119 0.300034 0.299825 1.274000 0.098000 -0.882000
1642924393.474274 0.300119 0.300034 0.299801 1.274000 0.098000 -0.882000
1642924393.508222 0.300143 0.300057 0.299801 1.274000 0.098000 -0.882000
1642924393.541691 0.300143 0.300057 0.299778 1.274000 0.098000 -0.882000
1642924393.574726 0.300167 0.300057 0.299754 1.274000 0.098000 -0.882000
1642924393.608314 0.300190 0.300057 0.299730 1.274000 0.098000 -0.882000
1642924393.642204 0.300190 0.300057 0.299730 1.274000 0.098000 -0.882000
1642924393.674098 0.300214 0.300057 0.299707 1.274000 0.098000 -0.882000
1642924393.711358 0.300238 0.300081 0.299683 1.372000 0.098000 -0.882000
1642924393.743288 0.300261 0.300081 0.299659 1.372000 0.098000 -0.882000
1642924393.776730 0.300261 0.300081 0.299636 1.372000 0.098000 -0.882000
1642924393.808073 0.300285 0.300081 0.299612 1.372000 0.098000 -0.882000
1642924393.839682 0.300309 0.300081 0.299588 1.274000 0.098000 -0.882000
1642924393.874475 0.300332 0.300081 0.299565 1.274000 0.098000 -0.882000
1642924393.908467 0.300356 0.300081 0.299541 1.274000 0.098000 -0.882000
1642924393.941539 0.300380 0.300105 0.299494 1.274000 0.098000 -0.882000
1642924393.974063 0.300403 0.300105 0.299470 1.274000 0.098000 -0.882000
1642924394.007459 0.300427 0.300105 0.299447 1.274000 0.098000 -0.882000
1642924394.040856 0.300450 0.300105 0.299423 1.274000 0.098000 -0.882000
1642924394.074846 0.300474 0.300128 0.299399 1.274000 0.098000 -0.882000
1642924394.107441 0.300498 0.300128 0.299352 1.274000 0.098000 -0.882000
1642924394.140708 0.300521 0.300128 0.299328 1.274000 0.098000 -0.882000
1642924394.174137 0.300569 0.300128 0.299281 1.274000 0.098000 -0.882000
1642924394.211131 0.300592 0.300128 0.299257 1.274000 0.098000 -0.882000
1642924394.245473 0.300616 0.300152 0.299210 1.274000 0.098000 -0.882000
1642924394.277198 0.300640 0.300152 0.299187 1.274000 0.098000 -0.882000
1642924394.307785 0.300687 0.300152 0.299139 1.274000 0.098000 -0.882000
1642924394.341459 0.300711 0.300175 0.299116 1.274000 0.098000 -0.882000
1642924394.374429 0.300734 0.300175 0.299068 1.274000 0.098000 -0.882000
1642924394.408803 0.300781 0.300175 0.299021 1.274000 0.098000 -0.882000
1642924394.440114 0.300805 0.300175 0.298997 1.274000 0.098000 -0.882000
1642924394.473736 0.300852 0.300199 0.298950 1.274000 0.098000 -0.882000
1642924394.507700 0.300876 0.300199 0.298903 1.274000 0.098000 -0.882000
1642924394.540310 0.300923 0.300199 0.298856 1.274000 0.098000 -0.882000
1642924394.573787 0.300971 0.300223 0.298808 1.274000 0.098000 -0.882000
1642924394.607098 0.300994 0.300223 0.298761 1.274000 0.098000 -0.882000
1642924394.640813 0.301041 0.300223 0.298714 1.274000 0.098000 -0.882000
1642924394.677494 0.301089 0.300246 0.298666 1.274000 0.098000 -0.882000
1642924394.714725 0.301089 0.300246 0.298666 1.274000 0.098000 -0.882000
1642924394.716227 0.301089 0.300246 0.298666 1.274000 0.098000 -0.882000
